15 16
9.000000 3.000000 7.000000 3.000000 3.000000 4.000000 7.000000 5.000000 5.000000 -5.000000 7.000000 1.000000 5.000000 1.000000 3.000000 9.000000 
0.000000 4.333333 -0.555556 -6.666667 -4.666667 2.111111 -0.555556 3.888889 5.888889 -11.888889 -0.555556 8.777778 6.888889 6.777778 2.333333 10.000000 
0.000000 0.000000 -9.323076 -6.076923 -6.153846 -4.692307 -9.923077 -12.538462 -1.615385 3.846154 -15.923077 3.384615 -3.153846 -2.538462 0.076923 -16.384617 
0.000000 0.000000 0.000000 4.401540 7.166117 3.972497 6.363697 4.292629 -11.277227 10.104511 1.600660 -1.308031 7.014301 2.564356 7.235424 -10.145215 
0.000000 0.000000 0.000000 0.000000 -14.156212 -8.198200 -1.680229 -7.750312 28.490377 -7.165460 1.239440 -7.637589 -16.626343 -5.515370 -13.224195 15.713324 
0.000000 0.000000 0.000000 0.000000 0.000000 -4.375976 -17.833702 -13.316567 -12.704071 1.504317 -10.052666 10.403181 -2.920851 -12.748900 -2.561077 -14.660643 
0.000000 0.000000 0.000000 0.000000 0.000000 0.000000 11.799227 11.342705 2.339384 8.038417 10.067171 -14.437862 -5.080565 2.188238 1.646492 1.073822 
0.000000 0.000000 0.000000 0.000000 0.000000 0.000000 0.000000 -16.015633 10.038567 -16.885227 -12.611546 7.685356 -3.125175 0.779368 -7.715977 15.944510 
0.000000 0.000000 0.000000 0.000000 0.000000 0.000000 0.000000 0.000000 -9.657770 7.770888 0.991116 8.645612 -0.588096 -2.252413 1.798737 -5.544853 
0.000000 0.000000 0.000000 0.000000 0.000000 0.000000 0.000000 0.000000 0.000000 10.541901 1.447752 2.822166 -4.908565 -3.751136 -0.255574 5.229174 
0.000000 0.000000 0.000000 0.000000 0.000000 0.000000 0.000000 0.000000 0.000000 0.000000 -9.029710 -22.095442 -0.987749 7.293119 -1.166629 -9.591990 
0.000000 0.000000 0.000000 0.000000 0.000000 0.000000 0.000000 0.000000 0.000000 0.000000 0.000000 11.057463 2.324121 6.891939 3.348865 8.477438 
0.000000 0.000000 0.000000 0.000000 0.000000 0.000000 0.000000 0.000000 0.000000 0.000000 0.000000 0.000000 1.033835 12.949385 5.872911 19.264889 
0.000000 0.000000 0.000000 0.000000 0.000000 0.000000 0.000000 0.000000 0.000000 0.000000 0.000000 0.000000 0.000000 9.556681 10.344859 45.473854 
0.000000 0.000000 0.000000 0.000000 0.000000 0.000000 0.000000 0.000000 0.000000 0.000000 0.000000 0.000000 0.000000 0.000000 7.988977 40.559601 
