15 16
2.000000 0.000000 0.000000 0.000000 0.000000 0.000000 0.000000 0.000000 0.000000 0.000000 0.000000 0.000000 0.000000 0.000000 0.000000 -8.332317 
0.000000 0.500000 0.000000 0.000000 0.000000 0.000000 0.000000 0.000000 0.000000 0.000000 0.000000 0.000000 0.000000 0.000000 0.000000 -2.442181 
0.000000 0.000000 9.000000 0.000000 0.000000 0.000000 0.000000 0.000000 0.000000 0.000000 0.000000 0.000000 0.000000 0.000000 0.000000 83.121887 
0.000000 0.000000 0.000000 7.888889 0.000000 0.000000 0.000000 0.000000 0.000000 0.000000 0.000000 0.000000 0.000000 0.000000 0.000000 -54.761055 
0.000000 0.000000 0.000000 0.000000 -71.408447 0.000000 0.000000 0.000000 0.000000 0.000000 0.000000 0.000000 0.000000 0.000000 0.000000 8.716736 
0.000000 0.000000 0.000000 0.000000 0.000000 -6.892310 0.000000 0.000000 0.000000 0.000000 0.000000 0.000000 0.000000 0.000000 0.000000 11.160431 
0.000000 0.000000 0.000000 0.000000 0.000000 0.000000 -4.089482 0.000000 0.000000 0.000000 0.000000 0.000000 0.000000 0.000000 0.000000 -8.341853 
0.000000 0.000000 0.000000 0.000000 0.000000 0.000000 0.000000 -1.377527 0.000000 0.000000 0.000000 0.000000 0.000000 0.000000 0.000000 6.057859 
0.000000 0.000000 0.000000 0.000000 0.000000 0.000000 0.000000 0.000000 218.069397 0.000000 0.000000 0.000000 0.000000 0.000000 0.000000 454.137451 
0.000000 0.000000 0.000000 0.000000 0.000000 0.000000 0.000000 0.000000 0.000000 26.685303 0.000000 0.000000 0.000000 0.000000 0.000000 28.069321 
0.000000 0.000000 0.000000 0.000000 0.000000 0.000000 0.000000 0.000000 0.000000 0.000000 -0.314777 0.000000 0.000000 0.000000 0.000000 -0.245382 
0.000000 0.000000 0.000000 0.000000 0.000000 0.000000 0.000000 0.000000 0.000000 0.000000 0.000000 -20.188049 0.000000 0.000000 0.000000 10.292090 
0.000000 0.000000 0.000000 0.000000 0.000000 0.000000 0.000000 0.000000 0.000000 0.000000 0.000000 0.000000 20.211159 0.000000 0.000000 31.361320 
0.000000 0.000000 0.000000 0.000000 0.000000 0.000000 0.000000 0.000000 0.000000 0.000000 0.000000 0.000000 0.000000 14.660744 0.000000 -13.043034 
0.000000 0.000000 0.000000 0.000000 0.000000 0.000000 0.000000 0.000000 0.000000 0.000000 0.000000 0.000000 0.000000 0.000000 27.133671 134.821762 
