1.5 9.4 56
4
89
3
2
47.9
5
66
666
745
789.5
48
62
14
78
53
21
47
8
6
5
7
4879
542
654 45.8 587.6
1
5
66
548
56.8 47.5     5.8     89.3
54.9
24.9
1.5 9.4 56
4
89
3
2
47.9
5
66
666
745
789.5
48
62
14
78
53
21
47
8
6
5
7
4879
542
654 45.8 587.6
1
5
66
548
56.8 47.5     5.8     89.3
54.9
24.9



























1.5 9.4 56
4
89
3
2
47.9
5
66
666
745
789.5
48
62
14
78
53
21
47
8
6
5
7
4879
542
654 45.8 587.6
1
5
66
548
56.8 47.5     5.8     89.3
54.9
24.9
56.9
567 5.7 56.7
23 -12.3 5
47.6 54.3 33.1