100 101
2038.0 -17.0 -3.0 20.0 9.0 1.0 -7.0 18.0 3.0 6.0 13.0 -15.0 -4.0 -5.0 2.0 19.0 -2.0 11.0 6.0 20.0 18.0 0.0 9.0 -19.0 -9.0 4.0 -11.0 20.0 7.0 18.0 12.0 -2.0 -20.0 -12.0 -3.0 11.0 12.0 12.0 10.0 -6.0 -1.0 2.0 1.0 15.0 17.0 -18.0 13.0 -3.0 16.0 0.0 -4.0 15.0 -18.0 -16.0 18.0 -7.0 10.0 -14.0 -6.0 -2.0 -15.0 -12.0 16.0 -14.0 -2.0 -6.0 19.0 -11.0 -14.0 11.0 6.0 5.0 -8.0 -12.0 2.0 -9.0 -9.0 -6.0 10.0 -12.0 15.0 -15.0 -18.0 19.0 -8.0 -19.0 -9.0 -17.0 -11.0 8.0 2.0 -5.0 18.0 -1.0 3.0 -5.0 14.0 1.0 7.0 -19.0  2576.0
-9.0 2029.0 6.0 6.0 2.0 -13.0 17.0 15.0 4.0 6.0 -18.0 0.0 13.0 -14.0 -2.0 -14.0 -13.0 11.0 -10.0 -3.0 -2.0 14.0 12.0 -5.0 -8.0 -6.0 13.0 -15.0 17.0 -1.0 -12.0 -10.0 13.0 15.0 16.0 -4.0 -17.0 14.0 -9.0 9.0 1.0 -7.0 -12.0 -7.0 2.0 8.0 0.0 11.0 -1.0 12.0 -11.0 19.0 5.0 -18.0 -4.0 17.0 -2.0 -10.0 -16.0 -5.0 9.0 -8.0 7.0 3.0 -12.0 2.0 19.0 -6.0 -3.0 -9.0 -18.0 18.0 7.0 -7.0 -8.0 -12.0 -18.0 14.0 -20.0 3.0 5.0 -10.0 2.0 -11.0 -8.0 20.0 -12.0 13.0 -11.0 -6.0 -13.0 20.0 8.0 16.0 4.0 17.0 -1.0 4.0 -8.0 16.0  4174.0
16.0 -4.0 2202.0 2.0 11.0 -14.0 12.0 14.0 -20.0 14.0 -4.0 5.0 -17.0 20.0 17.0 -2.0 -20.0 -14.0 -10.0 -11.0 0.0 -1.0 -10.0 -11.0 -6.0 14.0 -13.0 13.0 -2.0 -1.0 10.0 -5.0 18.0 4.0 19.0 8.0 10.0 12.0 3.0 10.0 5.0 -19.0 -3.0 11.0 -20.0 -5.0 -10.0 -19.0 1.0 0.0 -8.0 -18.0 -20.0 3.0 -9.0 -4.0 -2.0 -1.0 -10.0 16.0 20.0 20.0 -8.0 17.0 5.0 -10.0 7.0 -6.0 -19.0 -11.0 -14.0 7.0 -10.0 3.0 -1.0 -7.0 20.0 9.0 -4.0 0.0 -10.0 8.0 4.0 -10.0 -8.0 17.0 8.0 11.0 -3.0 18.0 8.0 -3.0 19.0 -20.0 -5.0 3.0 -8.0 -17.0 19.0 -4.0  6568.0
-7.0 -16.0 -16.0 2402.0 9.0 3.0 18.0 8.0 -9.0 -7.0 -11.0 1.0 -17.0 15.0 13.0 -3.0 12.0 0.0 -11.0 -12.0 -1.0 18.0 7.0 -3.0 20.0 -16.0 -19.0 -7.0 -13.0 20.0 9.0 2.0 -14.0 13.0 -11.0 17.0 -5.0 -14.0 7.0 8.0 2.0 18.0 -12.0 5.0 13.0 -18.0 -17.0 6.0 2.0 -7.0 14.0 -18.0 -8.0 3.0 -1.0 -7.0 9.0 2.0 6.0 18.0 2.0 -5.0 0.0 10.0 -11.0 9.0 6.0 5.0 17.0 -8.0 -8.0 0.0 -10.0 3.0 -14.0 -16.0 7.0 -10.0 10.0 -11.0 3.0 5.0 -9.0 15.0 -11.0 13.0 -13.0 18.0 -6.0 15.0 16.0 18.0 -11.0 -3.0 7.0 -1.0 -13.0 -5.0 -15.0 -15.0  9412.0
9.0 -1.0 6.0 19.0 2375.0 12.0 -16.0 11.0 -19.0 14.0 20.0 6.0 -1.0 -8.0 0.0 8.0 -14.0 9.0 8.0 3.0 4.0 5.0 0.0 15.0 -17.0 -11.0 -5.0 -10.0 4.0 0.0 -3.0 -8.0 -19.0 -18.0 -7.0 -16.0 17.0 -3.0 15.0 20.0 -7.0 16.0 6.0 14.0 -10.0 -13.0 1.0 -4.0 17.0 -10.0 19.0 2.0 15.0 1.0 -4.0 20.0 10.0 14.0 -9.0 -5.0 -5.0 9.0 9.0 -4.0 13.0 -19.0 1.0 9.0 1.0 -5.0 9.0 14.0 -9.0 -4.0 7.0 1.0 3.0 -11.0 19.0 1.0 2.0 18.0 -18.0 -2.0 0.0 1.0 -2.0 -9.0 -6.0 9.0 6.0 9.0 -3.0 -6.0 -15.0 -8.0 -2.0 8.0 -20.0 -20.0 11963.0
-18.0 11.0 14.0 -5.0 -14.0 2075.0 16.0 12.0 13.0 15.0 -8.0 -6.0 14.0 -3.0 13.0 -5.0 18.0 -8.0 6.0 -7.0 -20.0 -9.0 -17.0 0.0 7.0 -10.0 12.0 -14.0 18.0 12.0 -14.0 -20.0 5.0 -19.0 -5.0 13.0 5.0 -7.0 4.0 0.0 -11.0 17.0 14.0 -16.0 -7.0 8.0 -1.0 -8.0 20.0 -14.0 5.0 -18.0 -1.0 8.0 2.0 -15.0 -20.0 -7.0 -6.0 18.0 -14.0 2.0 20.0 11.0 6.0 -3.0 4.0 -10.0 10.0 -13.0 10.0 -20.0 -15.0 6.0 -16.0 0.0 -5.0 5.0 12.0 -5.0 11.0 -2.0 -1.0 -11.0 -12.0 -20.0 -4.0 -12.0 -7.0 12.0 -15.0 -1.0 -6.0 -15.0 -10.0 20.0 2.0 16.0 -11.0 -7.0 12503.0
-16.0 -19.0 -5.0 -10.0 7.0 1.0 2049.0 -19.0 -15.0 4.0 -2.0 18.0 -17.0 17.0 -12.0 -9.0 17.0 4.0 -1.0 -9.0 -2.0 7.0 13.0 12.0 14.0 -18.0 13.0 -5.0 20.0 -19.0 10.0 -17.0 -16.0 -16.0 -5.0 13.0 5.0 -13.0 15.0 12.0 13.0 -6.0 11.0 16.0 -7.0 19.0 -13.0 -9.0 4.0 8.0 3.0 -19.0 -6.0 -5.0 15.0 -13.0 -1.0 7.0 4.0 0.0 11.0 -5.0 3.0 15.0 1.0 -20.0 8.0 -15.0 -11.0 4.0 19.0 -17.0 18.0 9.0 19.0 -8.0 7.0 -13.0 4.0 -7.0 18.0 -14.0 -6.0 -7.0 3.0 -11.0 3.0 -17.0 16.0 -14.0 3.0 6.0 4.0 -13.0 3.0 -16.0 -13.0 -10.0 -8.0 -2.0 13639.0
16.0 -10.0 1.0 13.0 -19.0 2.0 -13.0 2438.0 11.0 11.0 -20.0 8.0 19.0 -3.0 -19.0 3.0 8.0 4.0 6.0 3.0 12.0 -12.0 -9.0 -3.0 -3.0 14.0 2.0 5.0 -17.0 14.0 -16.0 19.0 -15.0 6.0 13.0 -14.0 -11.0 20.0 17.0 20.0 12.0 19.0 8.0 10.0 -3.0 11.0 -6.0 -16.0 -4.0 20.0 8.0 -13.0 -11.0 19.0 5.0 7.0 14.0 -12.0 -7.0 17.0 -17.0 -3.0 17.0 -10.0 -16.0 11.0 -3.0 -7.0 13.0 -5.0 -7.0 4.0 -5.0 -18.0 -4.0 13.0 13.0 10.0 17.0 -12.0 12.0 6.0 -3.0 -20.0 4.0 -17.0 9.0 -3.0 -9.0 -19.0 -5.0 -4.0 1.0 -7.0 7.0 5.0 -16.0 -15.0 19.0 19.0 20480.0
0.0 -7.0 2.0 15.0 -5.0 20.0 7.0 -11.0 2290.0 6.0 -1.0 5.0 -9.0 16.0 5.0 18.0 20.0 -6.0 -4.0 -8.0 -3.0 12.0 11.0 18.0 -14.0 -3.0 5.0 -10.0 2.0 3.0 -12.0 -17.0 18.0 13.0 20.0 -6.0 14.0 7.0 3.0 7.0 -6.0 -19.0 -9.0 5.0 19.0 19.0 2.0 20.0 -6.0 19.0 -6.0 11.0 12.0 -16.0 11.0 18.0 3.0 -5.0 -10.0 -16.0 20.0 0.0 -11.0 17.0 -6.0 -12.0 -8.0 -10.0 17.0 17.0 17.0 -10.0 18.0 -12.0 16.0 18.0 -12.0 -1.0 18.0 2.0 -3.0 -7.0 -6.0 -10.0 -3.0 -16.0 -12.0 20.0 -1.0 -2.0 -15.0 0.0 20.0 -4.0 -2.0 -6.0 4.0 10.0 4.0 1.0 22118.0
6.0 2.0 11.0 5.0 10.0 8.0 3.0 20.0 -13.0 2147.0 1.0 6.0 15.0 16.0 17.0 -7.0 -19.0 -14.0 -8.0 3.0 4.0 -1.0 -18.0 5.0 15.0 1.0 19.0 -2.0 -8.0 4.0 -20.0 19.0 -14.0 14.0 5.0 18.0 3.0 -13.0 18.0 10.0 11.0 0.0 -2.0 5.0 -5.0 -6.0 20.0 -1.0 0.0 -9.0 -19.0 -15.0 12.0 -17.0 10.0 6.0 6.0 11.0 -14.0 19.0 -4.0 -12.0 17.0 4.0 -19.0 1.0 2.0 5.0 11.0 1.0 -4.0 3.0 -20.0 14.0 -12.0 -2.0 -11.0 -11.0 17.0 11.0 1.0 18.0 18.0 -6.0 -18.0 10.0 -20.0 9.0 0.0 -12.0 7.0 18.0 -4.0 5.0 2.0 0.0 -15.0 -15.0 -14.0 18.0 22132.0
6.0 2.0 1.0 8.0 -2.0 11.0 -15.0 9.0 20.0 -17.0 2047.0 2.0 -18.0 -3.0 17.0 -15.0 -14.0 19.0 14.0 8.0 -14.0 2.0 6.0 4.0 -14.0 -11.0 -17.0 -7.0 -6.0 -11.0 -9.0 20.0 14.0 14.0 9.0 -7.0 4.0 17.0 -19.0 5.0 20.0 1.0 -13.0 -16.0 -20.0 -15.0 -11.0 -12.0 -17.0 -16.0 19.0 -9.0 8.0 6.0 15.0 14.0 15.0 -20.0 -14.0 -12.0 -9.0 -1.0 -11.0 -16.0 -8.0 18.0 -3.0 16.0 14.0 1.0 1.0 16.0 -17.0 10.0 20.0 -17.0 15.0 -10.0 -6.0 18.0 -4.0 -8.0 -10.0 -17.0 18.0 -16.0 19.0 12.0 -14.0 -16.0 -19.0 -2.0 4.0 -10.0 4.0 18.0 -13.0 -17.0 14.0 -17.0  1191.0
4.0 -4.0 -20.0 7.0 -15.0 20.0 13.0 -19.0 -9.0 -14.0 -20.0 2306.0 -2.0 -10.0 14.0 -5.0 -4.0 12.0 -12.0 3.0 18.0 -11.0 -18.0 3.0 1.0 8.0 1.0 8.0 11.0 -6.0 13.0 -4.0 12.0 13.0 -17.0 19.0 14.0 16.0 20.0 -16.0 -17.0 20.0 15.0 3.0 -9.0 8.0 20.0 7.0 -1.0 -13.0 -9.0 -3.0 -2.0 -7.0 20.0 19.0 -19.0 0.0 8.0 14.0 16.0 1.0 -10.0 9.0 -5.0 -5.0 7.0 -11.0 -8.0 8.0 -5.0 -5.0 9.0 -10.0 18.0 20.0 20.0 17.0 9.0 -1.0 -15.0 20.0 18.0 3.0 -7.0 19.0 1.0 -4.0 1.0 -12.0 -11.0 -2.0 11.0 1.0 -13.0 -14.0 16.0 16.0 -3.0 -11.0  5649.0
4.0 12.0 4.0 -6.0 -17.0 3.0 -4.0 -17.0 1.0 -16.0 4.0 6.0 2081.0 1.0 -10.0 -2.0 1.0 11.0 14.0 -19.0 -19.0 -15.0 0.0 14.0 8.0 9.0 20.0 6.0 4.0 -4.0 15.0 -11.0 -10.0 1.0 6.0 -5.0 -17.0 -19.0 -2.0 7.0 -13.0 -19.0 -8.0 -10.0 4.0 3.0 11.0 -15.0 -5.0 6.0 -12.0 -2.0 11.0 10.0 -8.0 1.0 -2.0 -9.0 -14.0 -18.0 10.0 -20.0 -7.0 -19.0 1.0 19.0 -4.0 7.0 20.0 17.0 -7.0 -14.0 20.0 7.0 -1.0 4.0 -9.0 -11.0 11.0 7.0 15.0 19.0 -14.0 8.0 9.0 -2.0 -12.0 -12.0 12.0 -4.0 -10.0 3.0 -4.0 4.0 4.0 20.0 4.0 -19.0 6.0 4.0  5959.0
18.0 -20.0 12.0 20.0 7.0 -8.0 3.0 -20.0 3.0 -5.0 7.0 -2.0 -7.0 2075.0 -13.0 -17.0 -7.0 -3.0 -8.0 -16.0 13.0 4.0 7.0 -10.0 -11.0 -8.0 -11.0 14.0 -7.0 17.0 -1.0 -7.0 19.0 -8.0 -8.0 8.0 5.0 17.0 8.0 -13.0 -9.0 -4.0 7.0 6.0 -12.0 16.0 12.0 3.0 -6.0 -17.0 7.0 -14.0 9.0 -5.0 -1.0 19.0 7.0 10.0 12.0 -18.0 7.0 -8.0 -3.0 7.0 4.0 11.0 -6.0 -10.0 9.0 -19.0 0.0 20.0 -3.0 -12.0 7.0 8.0 -16.0 -2.0 -10.0 -2.0 3.0 20.0 7.0 -8.0 -6.0 -15.0 -10.0 -17.0 17.0 -17.0 -15.0 5.0 -3.0 4.0 -8.0 -18.0 -6.0 6.0 -7.0 -18.0  7000.0
8.0 15.0 -17.0 -16.0 -18.0 10.0 14.0 -14.0 -12.0 -16.0 7.0 13.0 -17.0 -5.0 2236.0 -1.0 2.0 -6.0 2.0 -2.0 -1.0 7.0 -17.0 16.0 -8.0 -5.0 19.0 6.0 -20.0 -7.0 10.0 10.0 -13.0 13.0 17.0 -11.0 5.0 10.0 -2.0 15.0 16.0 -14.0 7.0 -20.0 1.0 12.0 0.0 -18.0 -13.0 -19.0 0.0 9.0 11.0 5.0 4.0 -18.0 20.0 4.0 11.0 -18.0 19.0 2.0 14.0 -15.0 -3.0 12.0 -3.0 -19.0 2.0 15.0 18.0 -1.0 -18.0 6.0 0.0 3.0 -1.0 -19.0 7.0 7.0 -16.0 -12.0 -3.0 15.0 14.0 -18.0 20.0 15.0 7.0 12.0 19.0 5.0 -7.0 13.0 13.0 10.0 4.0 -11.0 13.0 -13.0 11099.0
-15.0 10.0 7.0 -13.0 -4.0 -12.0 12.0 15.0 -9.0 -2.0 3.0 -5.0 6.0 20.0 -8.0 2385.0 -16.0 -7.0 -4.0 11.0 -16.0 -6.0 -3.0 -3.0 -12.0 -9.0 -13.0 13.0 0.0 20.0 -19.0 7.0 12.0 8.0 14.0 -13.0 18.0 7.0 -17.0 -10.0 -16.0 9.0 8.0 13.0 10.0 20.0 -5.0 14.0 -8.0 11.0 6.0 -2.0 -13.0 -17.0 15.0 -5.0 -4.0 -17.0 -11.0 17.0 -15.0 -9.0 5.0 19.0 -20.0 -1.0 -13.0 -20.0 -15.0 -10.0 -10.0 -8.0 -20.0 18.0 -14.0 11.0 19.0 1.0 4.0 -8.0 -6.0 -10.0 10.0 1.0 -5.0 7.0 18.0 11.0 12.0 -11.0 9.0 19.0 2.0 -6.0 17.0 4.0 13.0 -15.0 4.0 20.0 14623.0
-2.0 17.0 -7.0 -2.0 16.0 -1.0 -12.0 17.0 -20.0 15.0 -12.0 -4.0 -16.0 -20.0 17.0 -1.0 2149.0 16.0 -9.0 2.0 -14.0 -20.0 1.0 8.0 -6.0 -1.0 -8.0 -12.0 5.0 18.0 -13.0 -16.0 14.0 3.0 2.0 12.0 -17.0 13.0 8.0 -17.0 7.0 18.0 1.0 11.0 20.0 -3.0 -9.0 10.0 -5.0 2.0 -8.0 1.0 2.0 15.0 -9.0 16.0 -5.0 3.0 -17.0 -19.0 0.0 -7.0 -15.0 -4.0 18.0 8.0 -11.0 -20.0 2.0 19.0 -14.0 -12.0 18.0 7.0 -20.0 18.0 -14.0 -9.0 7.0 1.0 15.0 -20.0 -17.0 -3.0 15.0 -6.0 -6.0 -8.0 19.0 0.0 -7.0 1.0 15.0 -1.0 19.0 12.0 -12.0 -13.0 12.0 10.0 15285.0
-15.0 18.0 18.0 -18.0 7.0 18.0 -19.0 13.0 -10.0 11.0 -5.0 -16.0 13.0 -2.0 3.0 10.0 15.0 2167.0 -19.0 13.0 -1.0 -6.0 -7.0 -7.0 15.0 -9.0 -16.0 -18.0 0.0 18.0 14.0 7.0 18.0 13.0 12.0 4.0 12.0 13.0 -2.0 -19.0 5.0 13.0 -12.0 -2.0 -10.0 11.0 -13.0 -16.0 10.0 -10.0 20.0 -12.0 4.0 -6.0 1.0 1.0 8.0 7.0 5.0 -13.0 7.0 -1.0 15.0 6.0 -7.0 6.0 -11.0 -15.0 0.0 7.0 -12.0 -13.0 1.0 -4.0 5.0 11.0 -11.0 14.0 18.0 19.0 -17.0 17.0 -13.0 9.0 -8.0 10.0 -11.0 20.0 -3.0 15.0 -13.0 -15.0 -5.0 -17.0 11.0 8.0 11.0 20.0 13.0 -10.0 18329.0
8.0 -17.0 -3.0 -12.0 -1.0 -17.0 -20.0 8.0 19.0 20.0 7.0 -19.0 16.0 16.0 13.0 -10.0 5.0 -19.0 2346.0 -19.0 18.0 -2.0 -14.0 -8.0 3.0 17.0 -20.0 -7.0 18.0 15.0 6.0 7.0 18.0 -16.0 17.0 -3.0 -10.0 18.0 -14.0 -12.0 17.0 15.0 -8.0 15.0 10.0 -16.0 -14.0 -5.0 -13.0 -5.0 -2.0 -15.0 16.0 7.0 -3.0 -2.0 5.0 -1.0 14.0 5.0 -6.0 -1.0 -7.0 -9.0 5.0 -10.0 10.0 15.0 -11.0 19.0 -17.0 -13.0 13.0 -5.0 -19.0 5.0 1.0 -13.0 -19.0 8.0 5.0 1.0 13.0 0.0 -13.0 -10.0 20.0 15.0 9.0 13.0 1.0 -16.0 -7.0 14.0 -4.0 19.0 -17.0 -13.0 13.0 -8.0 21236.0
-15.0 18.0 2.0 19.0 -6.0 3.0 3.0 15.0 13.0 6.0 3.0 -1.0 -14.0 -3.0 -20.0 -6.0 9.0 20.0 -10.0 2206.0 15.0 11.0 4.0 -13.0 4.0 -19.0 -15.0 10.0 -11.0 -20.0 -17.0 -6.0 20.0 5.0 -6.0 -4.0 -10.0 17.0 -8.0 -16.0 4.0 15.0 3.0 11.0 -6.0 3.0 -14.0 -18.0 4.0 -4.0 2.0 -2.0 -12.0 -12.0 6.0 14.0 -11.0 13.0 3.0 -2.0 15.0 9.0 15.0 17.0 -5.0 -12.0 -8.0 5.0 -13.0 4.0 9.0 11.0 1.0 -7.0 1.0 15.0 16.0 7.0 19.0 2.0 -16.0 3.0 20.0 -8.0 13.0 5.0 -14.0 -19.0 0.0 11.0 2.0 -4.0 -1.0 -4.0 -8.0 15.0 6.0 6.0 1.0 13.0 22357.0
-10.0 -8.0 6.0 13.0 5.0 -14.0 9.0 3.0 16.0 7.0 -16.0 20.0 -9.0 -17.0 -6.0 -17.0 11.0 0.0 -13.0 -8.0 2425.0 9.0 8.0 12.0 -14.0 -20.0 8.0 14.0 6.0 -12.0 7.0 18.0 0.0 -6.0 10.0 -15.0 0.0 -2.0 10.0 -3.0 -13.0 14.0 -1.0 -2.0 19.0 13.0 2.0 9.0 -6.0 11.0 -18.0 6.0 -1.0 11.0 -3.0 7.0 13.0 -14.0 0.0 -2.0 -5.0 -12.0 -2.0 17.0 2.0 -13.0 -17.0 -16.0 8.0 13.0 3.0 15.0 8.0 -19.0 -6.0 7.0 14.0 18.0 -3.0 -11.0 8.0 0.0 16.0 -12.0 -8.0 -6.0 15.0 -16.0 1.0 -3.0 4.0 18.0 5.0 -19.0 14.0 -11.0 -9.0 18.0 -7.0 -20.0  2460.0
12.0 16.0 17.0 0.0 20.0 -10.0 -12.0 15.0 -12.0 5.0 -16.0 18.0 -14.0 20.0 -14.0 -2.0 -5.0 -18.0 2.0 16.0 -1.0 2166.0 13.0 -14.0 -11.0 9.0 -3.0 2.0 8.0 12.0 2.0 -1.0 9.0 -2.0 -20.0 8.0 11.0 -10.0 3.0 -20.0 18.0 9.0 18.0 -17.0 10.0 -15.0 4.0 -16.0 -12.0 -13.0 -18.0 9.0 -5.0 17.0 17.0 7.0 5.0 -7.0 -12.0 -6.0 -14.0 13.0 14.0 16.0 -10.0 16.0 3.0 -20.0 -14.0 -13.0 -18.0 -17.0 18.0 -20.0 -12.0 7.0 -15.0 12.0 12.0 -5.0 -19.0 14.0 -14.0 -2.0 10.0 -18.0 -16.0 -3.0 -2.0 -5.0 11.0 4.0 -13.0 4.0 -1.0 -1.0 2.0 -16.0 2.0 10.0  3422.0
-7.0 4.0 15.0 -9.0 6.0 -18.0 18.0 12.0 17.0 11.0 -12.0 18.0 4.0 -6.0 -3.0 -4.0 -1.0 2.0 13.0 17.0 17.0 3.0 2279.0 -15.0 -11.0 -19.0 4.0 11.0 -13.0 -13.0 0.0 0.0 12.0 -6.0 13.0 -3.0 -2.0 11.0 -10.0 -4.0 1.0 -1.0 -5.0 -13.0 15.0 13.0 3.0 -7.0 -6.0 -5.0 -11.0 -8.0 18.0 12.0 -3.0 -14.0 13.0 -18.0 19.0 20.0 -10.0 0.0 1.0 -19.0 16.0 -6.0 0.0 -6.0 -14.0 11.0 10.0 9.0 -9.0 -15.0 16.0 -15.0 18.0 -2.0 -1.0 -7.0 15.0 8.0 5.0 13.0 1.0 -17.0 -20.0 -7.0 -15.0 20.0 -6.0 -3.0 -1.0 18.0 0.0 -3.0 -9.0 -20.0 11.0 -3.0  7043.0
13.0 2.0 -13.0 -17.0 9.0 -17.0 -12.0 6.0 3.0 9.0 -20.0 0.0 -1.0 5.0 -6.0 20.0 10.0 -6.0 -5.0 18.0 -5.0 9.0 -6.0 2223.0 8.0 15.0 -7.0 19.0 17.0 -15.0 -3.0 9.0 7.0 5.0 12.0 -4.0 10.0 -19.0 -17.0 -6.0 11.0 -16.0 14.0 -11.0 11.0 -13.0 -10.0 1.0 2.0 5.0 0.0 19.0 -4.0 14.0 15.0 -17.0 10.0 -13.0 -16.0 6.0 -8.0 1.0 -6.0 -19.0 -13.0 -15.0 -3.0 17.0 -13.0 0.0 -9.0 20.0 6.0 -14.0 -12.0 -3.0 -6.0 0.0 20.0 18.0 -15.0 -1.0 16.0 1.0 -6.0 11.0 6.0 -16.0 20.0 10.0 10.0 -6.0 -7.0 -14.0 -5.0 0.0 -9.0 14.0 -1.0 0.0  9172.0
-5.0 12.0 1.0 -19.0 18.0 11.0 0.0 -9.0 -9.0 1.0 -10.0 -4.0 -19.0 -14.0 19.0 -3.0 19.0 6.0 1.0 20.0 -4.0 -7.0 -7.0 9.0 2403.0 10.0 -12.0 12.0 3.0 9.0 -6.0 -20.0 0.0 15.0 -19.0 -2.0 8.0 3.0 11.0 19.0 -15.0 -17.0 -4.0 -14.0 -9.0 -4.0 3.0 -11.0 -19.0 -14.0 -10.0 -3.0 1.0 6.0 -13.0 -19.0 -5.0 -2.0 15.0 -20.0 -14.0 -10.0 -20.0 7.0 -13.0 -17.0 -14.0 15.0 8.0 19.0 13.0 13.0 -19.0 -12.0 -20.0 -8.0 4.0 5.0 3.0 5.0 11.0 14.0 -16.0 -9.0 -1.0 -9.0 -8.0 16.0 9.0 -11.0 18.0 16.0 -1.0 20.0 4.0 6.0 -16.0 12.0 0.0 14.0 12152.0
10.0 -8.0 6.0 14.0 2.0 8.0 -13.0 -13.0 -7.0 11.0 15.0 -17.0 6.0 -20.0 -3.0 -14.0 -9.0 11.0 -17.0 -18.0 20.0 -19.0 20.0 -1.0 -18.0 2025.0 -16.0 -13.0 -4.0 7.0 -20.0 -15.0 19.0 9.0 -20.0 3.0 -4.0 -12.0 12.0 11.0 19.0 8.0 17.0 4.0 8.0 -7.0 12.0 -19.0 -17.0 15.0 -17.0 -15.0 16.0 -16.0 4.0 -20.0 9.0 10.0 -13.0 -16.0 -4.0 -11.0 -11.0 -3.0 20.0 -8.0 -19.0 -2.0 0.0 13.0 -12.0 -2.0 1.0 -16.0 -17.0 -10.0 -3.0 17.0 -9.0 3.0 11.0 -4.0 8.0 7.0 0.0 -7.0 7.0 -12.0 -16.0 16.0 -8.0 1.0 -14.0 4.0 18.0 -14.0 16.0 -20.0 4.0 -5.0 10891.0
13.0 12.0 15.0 -5.0 17.0 20.0 6.0 -5.0 16.0 19.0 20.0 6.0 -5.0 9.0 -6.0 15.0 -19.0 -18.0 -17.0 -14.0 20.0 -3.0 9.0 -14.0 -20.0 8.0 2385.0 18.0 8.0 18.0 -8.0 2.0 11.0 -12.0 20.0 9.0 -11.0 7.0 -16.0 -16.0 5.0 -15.0 13.0 20.0 15.0 -12.0 15.0 18.0 -9.0 20.0 -15.0 -8.0 -4.0 14.0 -2.0 -3.0 1.0 12.0 -4.0 -10.0 11.0 9.0 13.0 2.0 19.0 12.0 -10.0 -12.0 -2.0 -4.0 -8.0 -16.0 2.0 -14.0 -16.0 -4.0 -5.0 -20.0 -5.0 6.0 20.0 1.0 20.0 -3.0 -6.0 -2.0 16.0 18.0 -9.0 -8.0 -11.0 -18.0 -18.0 -19.0 4.0 -20.0 15.0 16.0 -12.0 -6.0 16953.0
-8.0 3.0 1.0 14.0 9.0 5.0 -9.0 -15.0 7.0 6.0 11.0 6.0 -14.0 11.0 -16.0 3.0 -10.0 -20.0 2.0 3.0 -8.0 11.0 5.0 -6.0 15.0 -10.0 -4.0 2079.0 -14.0 7.0 -15.0 0.0 -11.0 6.0 -7.0 20.0 -8.0 6.0 -15.0 19.0 -9.0 18.0 6.0 0.0 10.0 10.0 -18.0 -19.0 12.0 4.0 5.0 -15.0 -4.0 -9.0 1.0 -10.0 4.0 18.0 -19.0 12.0 4.0 -12.0 -9.0 15.0 14.0 6.0 16.0 -13.0 -9.0 -18.0 -15.0 2.0 -20.0 13.0 -19.0 12.0 4.0 -15.0 14.0 -4.0 11.0 0.0 1.0 -13.0 11.0 -18.0 -1.0 -4.0 -19.0 0.0 -13.0 5.0 8.0 0.0 1.0 3.0 -15.0 -4.0 12.0 -4.0 16039.0
1.0 17.0 -20.0 1.0 11.0 -17.0 -6.0 -5.0 -9.0 -11.0 11.0 -19.0 9.0 -7.0 -10.0 2.0 -5.0 10.0 18.0 -4.0 -9.0 -13.0 -18.0 -19.0 7.0 5.0 4.0 15.0 2321.0 -4.0 -8.0 4.0 -6.0 -8.0 -16.0 -13.0 -2.0 0.0 2.0 9.0 10.0 -6.0 10.0 -2.0 7.0 -18.0 -19.0 -18.0 12.0 -19.0 0.0 -16.0 -12.0 3.0 -15.0 17.0 -13.0 12.0 11.0 -10.0 -11.0 -15.0 14.0 5.0 -3.0 20.0 12.0 17.0 0.0 -7.0 5.0 -9.0 7.0 -3.0 11.0 -4.0 -1.0 13.0 -2.0 -8.0 14.0 18.0 -4.0 -17.0 2.0 4.0 20.0 12.0 -5.0 13.0 -17.0 6.0 18.0 18.0 -10.0 -4.0 19.0 -18.0 -5.0 0.0 20724.0
-3.0 20.0 11.0 -14.0 -4.0 4.0 2.0 17.0 -4.0 -19.0 -12.0 -9.0 -20.0 7.0 -6.0 3.0 -10.0 -5.0 -4.0 7.0 -11.0 -1.0 -8.0 -12.0 -2.0 4.0 7.0 -1.0 8.0 2370.0 -20.0 -15.0 -20.0 14.0 -7.0 -1.0 -3.0 17.0 -5.0 13.0 18.0 6.0 -15.0 18.0 -8.0 -1.0 2.0 4.0 16.0 20.0 -8.0 -15.0 -1.0 6.0 -5.0 19.0 -11.0 -19.0 -3.0 18.0 -18.0 -2.0 -16.0 -17.0 -9.0 -1.0 4.0 10.0 -5.0 19.0 4.0 -8.0 4.0 9.0 -9.0 18.0 -11.0 16.0 3.0 -16.0 15.0 15.0 -9.0 -7.0 2.0 7.0 -6.0 12.0 8.0 13.0 11.0 13.0 -8.0 17.0 18.0 5.0 -5.0 1.0 -6.0 10.0 24635.0
1.0 18.0 -17.0 -15.0 6.0 -6.0 -16.0 17.0 -11.0 8.0 -19.0 -14.0 4.0 -6.0 -1.0 -14.0 -18.0 15.0 20.0 13.0 8.0 12.0 5.0 20.0 8.0 2.0 5.0 -18.0 -16.0 19.0 2289.0 5.0 19.0 19.0 12.0 6.0 -8.0 17.0 3.0 4.0 6.0 4.0 10.0 -9.0 20.0 -10.0 -1.0 -18.0 -13.0 0.0 15.0 15.0 -9.0 1.0 16.0 19.0 -18.0 0.0 -18.0 -14.0 1.0 18.0 11.0 1.0 16.0 5.0 -14.0 -10.0 1.0 9.0 16.0 -12.0 -6.0 7.0 1.0 -6.0 19.0 -20.0 -2.0 -15.0 0.0 -6.0 20.0 12.0 15.0 18.0 12.0 19.0 -3.0 17.0 -16.0 20.0 14.0 17.0 2.0 12.0 1.0 9.0 -19.0 -17.0  2933.0
-3.0 17.0 -7.0 12.0 5.0 15.0 -13.0 3.0 15.0 7.0 9.0 -4.0 -20.0 10.0 -11.0 15.0 7.0 -19.0 13.0 -14.0 20.0 19.0 -15.0 13.0 17.0 8.0 6.0 0.0 -2.0 7.0 3.0 2147.0 5.0 17.0 8.0 -11.0 11.0 17.0 13.0 7.0 3.0 3.0 -18.0 3.0 -8.0 -8.0 -1.0 20.0 -5.0 -7.0 -15.0 -6.0 -7.0 -8.0 -12.0 -10.0 -19.0 15.0 10.0 -1.0 3.0 -6.0 -4.0 -12.0 -10.0 -17.0 -1.0 -18.0 -20.0 -9.0 9.0 5.0 14.0 14.0 -12.0 -14.0 -15.0 9.0 -13.0 0.0 -16.0 -8.0 16.0 -3.0 4.0 -17.0 7.0 6.0 20.0 -2.0 -14.0 3.0 13.0 2.0 11.0 -16.0 6.0 -11.0 -13.0 8.0  4306.0
3.0 18.0 -8.0 -2.0 11.0 2.0 6.0 16.0 -7.0 13.0 -3.0 -3.0 -16.0 -6.0 14.0 11.0 0.0 3.0 -4.0 -1.0 -20.0 2.0 -17.0 15.0 -14.0 14.0 20.0 12.0 -15.0 -12.0 1.0 10.0 2231.0 15.0 -13.0 17.0 -1.0 14.0 14.0 14.0 8.0 -7.0 -10.0 13.0 7.0 -15.0 5.0 -12.0 8.0 -20.0 8.0 11.0 4.0 11.0 5.0 12.0 7.0 4.0 5.0 14.0 14.0 -15.0 3.0 20.0 -18.0 12.0 18.0 3.0 7.0 11.0 -4.0 -5.0 -15.0 6.0 -11.0 13.0 11.0 14.0 -18.0 1.0 16.0 10.0 -9.0 1.0 3.0 16.0 -7.0 -9.0 2.0 18.0 -16.0 -5.0 -15.0 9.0 -4.0 -13.0 0.0 -7.0 10.0 -11.0  8130.0
-16.0 -15.0 4.0 -9.0 13.0 15.0 -15.0 3.0 8.0 -12.0 -17.0 5.0 18.0 -4.0 -15.0 2.0 -6.0 -2.0 13.0 18.0 -2.0 17.0 -8.0 3.0 5.0 11.0 12.0 -13.0 -17.0 3.0 -2.0 -11.0 10.0 2349.0 1.0 2.0 18.0 6.0 -14.0 7.0 14.0 -8.0 -9.0 14.0 8.0 -2.0 -5.0 -19.0 19.0 -12.0 19.0 -4.0 -14.0 -7.0 -20.0 14.0 -15.0 12.0 -18.0 -12.0 -4.0 0.0 0.0 -15.0 3.0 -18.0 7.0 0.0 8.0 15.0 -12.0 4.0 -14.0 -1.0 -3.0 15.0 17.0 14.0 18.0 17.0 -17.0 19.0 -8.0 -10.0 -7.0 -6.0 -17.0 -2.0 -13.0 -13.0 8.0 3.0 7.0 -13.0 8.0 -11.0 -11.0 -4.0 11.0 20.0  9574.0
-9.0 19.0 3.0 -1.0 -1.0 -19.0 -7.0 -3.0 17.0 -7.0 -6.0 -20.0 -7.0 8.0 -8.0 6.0 -18.0 -3.0 -15.0 -11.0 4.0 13.0 13.0 -10.0 -18.0 2.0 -1.0 -7.0 -20.0 -9.0 -8.0 -9.0 -11.0 17.0 2335.0 10.0 20.0 -15.0 -14.0 17.0 0.0 0.0 17.0 13.0 -12.0 -12.0 0.0 -10.0 7.0 7.0 1.0 -10.0 1.0 -7.0 0.0 3.0 18.0 -20.0 19.0 18.0 -9.0 -10.0 -10.0 2.0 -11.0 20.0 -9.0 -12.0 -14.0 -1.0 -14.0 6.0 -19.0 -16.0 0.0 -11.0 -6.0 -19.0 1.0 -20.0 8.0 -17.0 -10.0 -11.0 -3.0 10.0 14.0 -4.0 12.0 12.0 -7.0 -16.0 -16.0 3.0 8.0 -7.0 4.0 19.0 3.0 13.0 10876.0
0.0 10.0 0.0 1.0 16.0 -20.0 12.0 -10.0 -17.0 -6.0 -10.0 12.0 -3.0 3.0 -18.0 16.0 -6.0 16.0 -9.0 -14.0 8.0 4.0 -10.0 12.0 -12.0 19.0 -16.0 15.0 19.0 9.0 7.0 -2.0 -2.0 -14.0 -20.0 2464.0 -12.0 12.0 6.0 -8.0 -15.0 16.0 -15.0 5.0 -2.0 -13.0 0.0 13.0 -18.0 12.0 -20.0 10.0 -3.0 -8.0 3.0 6.0 -10.0 7.0 0.0 -9.0 -2.0 -12.0 11.0 18.0 -6.0 12.0 -7.0 5.0 5.0 19.0 17.0 13.0 17.0 -19.0 -3.0 -4.0 -12.0 17.0 -12.0 -8.0 8.0 -10.0 -18.0 -15.0 3.0 5.0 13.0 15.0 -6.0 -6.0 -15.0 12.0 2.0 17.0 11.0 16.0 10.0 -16.0 2.0 -4.0 14863.0
-18.0 -2.0 -12.0 19.0 1.0 5.0 -5.0 11.0 4.0 5.0 -17.0 -9.0 16.0 -13.0 -2.0 0.0 14.0 -10.0 -6.0 -13.0 6.0 0.0 -20.0 -13.0 -2.0 12.0 -15.0 -11.0 16.0 7.0 5.0 20.0 -13.0 14.0 19.0 8.0 2367.0 -5.0 -1.0 -17.0 20.0 2.0 -3.0 17.0 9.0 17.0 -4.0 4.0 -11.0 11.0 12.0 15.0 -8.0 14.0 -18.0 10.0 7.0 -11.0 19.0 4.0 16.0 3.0 4.0 -18.0 -2.0 4.0 13.0 19.0 -20.0 -9.0 -17.0 -19.0 15.0 2.0 19.0 5.0 -1.0 -4.0 -12.0 8.0 -14.0 -19.0 2.0 0.0 16.0 6.0 -11.0 4.0 15.0 -11.0 -10.0 13.0 15.0 16.0 17.0 -8.0 -1.0 9.0 -8.0 1.0 17190.0
20.0 -2.0 2.0 14.0 20.0 0.0 0.0 -2.0 19.0 9.0 -13.0 -14.0 10.0 12.0 7.0 7.0 -3.0 16.0 -9.0 -6.0 -13.0 1.0 -12.0 -19.0 -4.0 -16.0 -7.0 17.0 14.0 8.0 -1.0 15.0 -15.0 -20.0 11.0 -16.0 3.0 2494.0 5.0 1.0 19.0 12.0 7.0 9.0 3.0 -7.0 -5.0 -18.0 -9.0 8.0 -2.0 -2.0 -10.0 6.0 -1.0 8.0 10.0 14.0 6.0 5.0 1.0 -16.0 0.0 6.0 -15.0 -10.0 13.0 10.0 0.0 -3.0 -10.0 1.0 -10.0 19.0 -9.0 16.0 -8.0 6.0 20.0 5.0 -4.0 -3.0 -18.0 6.0 -18.0 3.0 -4.0 14.0 -4.0 -19.0 1.0 18.0 -14.0 -20.0 5.0 -7.0 -8.0 -3.0 -18.0 14.0 20510.0
16.0 -8.0 -6.0 -14.0 -10.0 5.0 -19.0 4.0 -7.0 -20.0 -10.0 11.0 -1.0 -6.0 -2.0 3.0 17.0 14.0 -4.0 -5.0 16.0 19.0 -8.0 -17.0 19.0 19.0 -4.0 -8.0 -4.0 -2.0 -12.0 -9.0 12.0 2.0 -1.0 -17.0 -11.0 2.0 2415.0 4.0 4.0 20.0 -6.0 -18.0 -6.0 12.0 5.0 -8.0 8.0 -17.0 7.0 3.0 -19.0 -20.0 8.0 -18.0 20.0 -17.0 -4.0 -3.0 1.0 4.0 10.0 -8.0 -14.0 -11.0 -3.0 -3.0 11.0 -14.0 -20.0 -5.0 -14.0 -4.0 -1.0 0.0 -11.0 -16.0 12.0 17.0 -11.0 1.0 1.0 -10.0 1.0 -12.0 -6.0 0.0 -7.0 11.0 17.0 16.0 -6.0 7.0 -11.0 2.0 18.0 7.0 -20.0 10.0 20714.0
13.0 -20.0 -14.0 19.0 -2.0 6.0 0.0 8.0 12.0 -6.0 6.0 -20.0 15.0 -11.0 -8.0 -5.0 -1.0 7.0 18.0 13.0 -1.0 16.0 8.0 15.0 4.0 18.0 -3.0 1.0 4.0 -3.0 -7.0 -2.0 0.0 -1.0 -3.0 20.0 -14.0 19.0 9.0 2370.0 -8.0 -3.0 20.0 -12.0 6.0 -6.0 6.0 -16.0 -18.0 3.0 19.0 1.0 -2.0 9.0 -3.0 -18.0 6.0 14.0 5.0 -9.0 -7.0 18.0 9.0 15.0 -1.0 -13.0 16.0 5.0 -12.0 5.0 5.0 2.0 -19.0 6.0 11.0 7.0 20.0 -4.0 13.0 -17.0 -20.0 14.0 6.0 -2.0 2.0 -17.0 0.0 -11.0 17.0 -15.0 0.0 -9.0 -16.0 -10.0 -13.0 3.0 0.0 -17.0 -12.0 8.0 24134.0
8.0 15.0 -11.0 11.0 2.0 -19.0 -1.0 2.0 -3.0 -9.0 7.0 -1.0 -14.0 -7.0 18.0 8.0 -4.0 -1.0 17.0 -6.0 6.0 -4.0 6.0 11.0 9.0 15.0 -5.0 -12.0 18.0 5.0 18.0 7.0 -1.0 -14.0 -3.0 -19.0 -12.0 16.0 5.0 7.0 2460.0 -9.0 -14.0 -5.0 4.0 -15.0 -17.0 -19.0 6.0 -19.0 -4.0 -8.0 0.0 -17.0 -16.0 -12.0 18.0 -1.0 -2.0 18.0 -16.0 -5.0 4.0 5.0 3.0 -17.0 8.0 11.0 -20.0 -8.0 0.0 -11.0 6.0 8.0 7.0 -9.0 15.0 12.0 -7.0 0.0 13.0 9.0 14.0 -8.0 14.0 20.0 2.0 11.0 1.0 20.0 10.0 7.0 -4.0 -6.0 -9.0 20.0 -1.0 20.0 12.0 -1.0  2995.0
-7.0 -9.0 11.0 -20.0 -20.0 -1.0 -8.0 17.0 -8.0 7.0 -3.0 -16.0 -5.0 -8.0 -1.0 -12.0 -8.0 -20.0 -20.0 15.0 -18.0 11.0 1.0 -2.0 -14.0 12.0 -3.0 5.0 13.0 -11.0 -15.0 -12.0 2.0 18.0 -12.0 5.0 -2.0 0.0 1.0 10.0 -14.0 2026.0 15.0 3.0 -6.0 -5.0 13.0 8.0 -3.0 14.0 2.0 1.0 6.0 -18.0 20.0 12.0 16.0 -2.0 -2.0 9.0 9.0 5.0 17.0 -9.0 5.0 -16.0 18.0 -18.0 7.0 -2.0 13.0 15.0 0.0 7.0 -2.0 14.0 -17.0 -8.0 1.0 0.0 -13.0 -18.0 -19.0 13.0 -14.0 -18.0 6.0 -19.0 0.0 -15.0 10.0 -9.0 11.0 8.0 4.0 -3.0 15.0 1.0 -1.0 1.0  3859.0
-20.0 -9.0 -5.0 0.0 20.0 15.0 -5.0 -18.0 -11.0 18.0 5.0 -4.0 20.0 8.0 -9.0 -15.0 10.0 19.0 -11.0 -9.0 -16.0 19.0 2.0 17.0 9.0 -15.0 -7.0 3.0 6.0 12.0 -17.0 9.0 -15.0 0.0 -10.0 -16.0 -3.0 6.0 -11.0 6.0 3.0 16.0 2136.0 5.0 3.0 -6.0 12.0 -6.0 -7.0 -20.0 5.0 -3.0 -19.0 -13.0 -5.0 10.0 -6.0 10.0 -8.0 -18.0 1.0 -5.0 11.0 8.0 17.0 -20.0 15.0 -7.0 8.0 -15.0 19.0 -9.0 -20.0 -18.0 16.0 3.0 -4.0 7.0 17.0 9.0 10.0 3.0 -13.0 11.0 10.0 4.0 0.0 -14.0 -7.0 12.0 -12.0 17.0 -14.0 -20.0 4.0 -18.0 -18.0 -2.0 -2.0 11.0  5982.0
3.0 -4.0 -19.0 3.0 -2.0 19.0 -13.0 17.0 7.0 -15.0 7.0 -4.0 9.0 17.0 -14.0 0.0 0.0 6.0 6.0 14.0 -3.0 16.0 10.0 5.0 18.0 -5.0 10.0 -20.0 14.0 -13.0 11.0 -2.0 3.0 14.0 -17.0 -17.0 12.0 -8.0 -19.0 -2.0 -2.0 8.0 17.0 2452.0 4.0 -18.0 8.0 -14.0 9.0 -4.0 20.0 -13.0 -9.0 11.0 15.0 -11.0 -15.0 4.0 -9.0 -20.0 11.0 -19.0 1.0 -5.0 17.0 4.0 0.0 8.0 16.0 1.0 -13.0 -5.0 -9.0 -17.0 3.0 17.0 -14.0 -9.0 -18.0 17.0 9.0 -17.0 -15.0 20.0 16.0 20.0 -10.0 -19.0 3.0 3.0 -17.0 -5.0 4.0 4.0 13.0 0.0 -11.0 -6.0 -11.0 -13.0  9350.0
18.0 -3.0 2.0 -12.0 2.0 -13.0 -14.0 10.0 0.0 -9.0 6.0 -12.0 -4.0 14.0 -11.0 -8.0 13.0 0.0 -5.0 -2.0 -16.0 -2.0 15.0 9.0 -18.0 9.0 -10.0 -7.0 -17.0 2.0 0.0 -20.0 -20.0 -18.0 -10.0 2.0 -11.0 -4.0 -8.0 11.0 7.0 20.0 19.0 -15.0 2396.0 -13.0 -3.0 8.0 9.0 12.0 -15.0 14.0 -9.0 -19.0 4.0 -5.0 11.0 16.0 9.0 14.0 -3.0 -12.0 14.0 -3.0 -8.0 -15.0 20.0 3.0 1.0 -7.0 -7.0 -10.0 -6.0 -7.0 -5.0 -13.0 1.0 14.0 15.0 -9.0 7.0 -19.0 -16.0 18.0 -18.0 10.0 -5.0 15.0 6.0 -17.0 8.0 -18.0 -7.0 3.0 2.0 6.0 8.0 1.0 -10.0 -11.0 11513.0
16.0 4.0 1.0 -11.0 19.0 18.0 -4.0 -1.0 11.0 -8.0 13.0 -3.0 -5.0 19.0 -4.0 0.0 9.0 11.0 -6.0 -4.0 16.0 -16.0 -2.0 -11.0 7.0 20.0 17.0 -5.0 2.0 -14.0 6.0 -3.0 12.0 -12.0 9.0 11.0 -15.0 -14.0 -9.0 18.0 1.0 -17.0 -6.0 16.0 -18.0 2081.0 -3.0 13.0 3.0 14.0 -12.0 -2.0 18.0 8.0 7.0 4.0 10.0 5.0 -20.0 -7.0 12.0 8.0 11.0 5.0 16.0 1.0 -3.0 -18.0 7.0 9.0 20.0 -13.0 14.0 -5.0 -17.0 18.0 -13.0 2.0 12.0 10.0 -5.0 20.0 -13.0 -8.0 10.0 17.0 19.0 -1.0 1.0 -20.0 12.0 -6.0 9.0 4.0 -19.0 6.0 -16.0 -2.0 11.0 12.0 13401.0
-12.0 10.0 -20.0 -16.0 -15.0 -17.0 -17.0 -8.0 8.0 16.0 -17.0 -18.0 17.0 -8.0 -3.0 6.0 -12.0 -5.0 -14.0 12.0 -5.0 -20.0 -13.0 -15.0 6.0 -10.0 12.0 13.0 11.0 2.0 6.0 19.0 -7.0 6.0 -16.0 0.0 12.0 -12.0 14.0 -1.0 -17.0 17.0 1.0 -19.0 -11.0 18.0 2342.0 -1.0 -6.0 16.0 -8.0 10.0 18.0 0.0 17.0 4.0 12.0 10.0 -2.0 2.0 -7.0 -17.0 1.0 7.0 9.0 7.0 -12.0 2.0 15.0 -18.0 -20.0 20.0 19.0 4.0 -19.0 -11.0 3.0 11.0 9.0 20.0 8.0 -20.0 11.0 6.0 2.0 7.0 -9.0 -6.0 -3.0 9.0 18.0 10.0 12.0 0.0 -2.0 2.0 -13.0 7.0 -16.0 -19.0 16669.0
9.0 -14.0 -17.0 9.0 12.0 -16.0 19.0 -3.0 17.0 9.0 -4.0 4.0 11.0 -14.0 -9.0 -7.0 13.0 2.0 9.0 -9.0 -10.0 8.0 -19.0 -17.0 -12.0 1.0 6.0 -5.0 -13.0 12.0 -2.0 18.0 20.0 1.0 7.0 12.0 7.0 7.0 -10.0 5.0 -5.0 6.0 -11.0 -15.0 12.0 2.0 0.0 2261.0 -16.0 -10.0 18.0 -6.0 19.0 19.0 0.0 -14.0 1.0 -15.0 3.0 9.0 19.0 -20.0 8.0 20.0 4.0 -4.0 13.0 -8.0 -16.0 -18.0 18.0 -1.0 8.0 -12.0 7.0 -1.0 10.0 -12.0 -15.0 16.0 1.0 -18.0 -10.0 1.0 -18.0 10.0 9.0 3.0 17.0 -9.0 -7.0 17.0 -7.0 -17.0 16.0 19.0 -1.0 9.0 -9.0 4.0 18282.0
11.0 -10.0 -16.0 -1.0 0.0 13.0 20.0 -11.0 -17.0 -14.0 -13.0 4.0 -10.0 -1.0 -14.0 -8.0 -12.0 15.0 18.0 -14.0 -13.0 -8.0 -16.0 0.0 -5.0 20.0 1.0 15.0 10.0 12.0 0.0 1.0 -17.0 4.0 -19.0 3.0 -1.0 -18.0 14.0 2.0 -9.0 -20.0 -13.0 1.0 -1.0 -7.0 16.0 9.0 2397.0 13.0 15.0 -6.0 -16.0 -20.0 16.0 2.0 -20.0 -4.0 -4.0 10.0 -11.0 18.0 -8.0 -8.0 3.0 -5.0 15.0 -19.0 0.0 9.0 5.0 11.0 9.0 12.0 -9.0 -12.0 -16.0 -14.0 17.0 -9.0 -20.0 14.0 7.0 -15.0 14.0 5.0 7.0 16.0 -18.0 -16.0 8.0 -6.0 -17.0 -19.0 6.0 6.0 -3.0 3.0 10.0 19.0 21495.0
-7.0 -6.0 9.0 -19.0 -14.0 20.0 -9.0 -10.0 -12.0 -10.0 4.0 -12.0 -15.0 -8.0 -5.0 -20.0 19.0 -17.0 19.0 -17.0 -11.0 6.0 -3.0 -8.0 9.0 -16.0 -20.0 -13.0 7.0 10.0 -15.0 20.0 -15.0 14.0 -17.0 -7.0 16.0 -4.0 6.0 -17.0 6.0 -11.0 -9.0 13.0 3.0 9.0 16.0 4.0 12.0 2231.0 7.0 -19.0 -1.0 -17.0 -5.0 -11.0 -13.0 -5.0 -3.0 17.0 -14.0 2.0 16.0 -8.0 -4.0 -20.0 5.0 -9.0 -3.0 -10.0 -6.0 -16.0 1.0 7.0 20.0 -14.0 -5.0 15.0 10.0 -11.0 8.0 -4.0 -10.0 -12.0 1.0 5.0 -3.0 8.0 -18.0 14.0 4.0 -12.0 -4.0 2.0 2.0 12.0 2.0 -13.0 -16.0 -20.0 20925.0
-1.0 0.0 -15.0 -18.0 -14.0 -16.0 -12.0 4.0 -20.0 20.0 13.0 8.0 -5.0 -16.0 16.0 16.0 11.0 -8.0 5.0 13.0 -12.0 -9.0 -17.0 4.0 13.0 5.0 -3.0 -4.0 12.0 1.0 -3.0 -7.0 -20.0 4.0 -5.0 -12.0 10.0 5.0 14.0 10.0 4.0 8.0 -3.0 -20.0 12.0 -6.0 18.0 5.0 6.0 4.0 2030.0 16.0 15.0 0.0 -1.0 7.0 -15.0 16.0 -15.0 19.0 -2.0 2.0 -7.0 0.0 -13.0 10.0 11.0 17.0 -4.0 6.0 6.0 20.0 -6.0 -16.0 -19.0 -13.0 -2.0 19.0 12.0 -15.0 3.0 -9.0 -19.0 -1.0 11.0 2.0 -12.0 18.0 0.0 -7.0 19.0 18.0 17.0 -9.0 0.0 -17.0 -17.0 -8.0 20.0 -1.0  2744.0
18.0 7.0 1.0 -9.0 13.0 2.0 -1.0 -10.0 3.0 -8.0 -3.0 -13.0 3.0 -2.0 6.0 -6.0 -18.0 14.0 -7.0 2.0 -14.0 -7.0 1.0 -18.0 5.0 -20.0 -13.0 10.0 -6.0 -12.0 -12.0 -8.0 17.0 9.0 5.0 9.0 -9.0 -17.0 19.0 16.0 -2.0 -2.0 -18.0 -20.0 18.0 8.0 -4.0 20.0 4.0 10.0 1.0 2290.0 -18.0 -18.0 15.0 9.0 -16.0 -17.0 -2.0 1.0 -8.0 9.0 13.0 -12.0 -3.0 -3.0 20.0 10.0 3.0 20.0 5.0 -20.0 -3.0 7.0 -20.0 -5.0 -3.0 -3.0 -6.0 -20.0 -12.0 18.0 12.0 -8.0 -19.0 8.0 -17.0 -13.0 12.0 1.0 8.0 -15.0 -9.0 0.0 -5.0 9.0 20.0 -6.0 0.0 2.0  4270.0
-6.0 -15.0 4.0 11.0 14.0 4.0 -15.0 -8.0 -18.0 2.0 -6.0 -8.0 -1.0 -14.0 5.0 0.0 16.0 10.0 7.0 9.0 -10.0 -3.0 16.0 4.0 17.0 -9.0 -8.0 16.0 5.0 12.0 -1.0 -20.0 19.0 -18.0 12.0 13.0 9.0 19.0 -14.0 13.0 2.0 1.0 -13.0 -20.0 9.0 12.0 2.0 4.0 3.0 -9.0 -5.0 15.0 2150.0 -10.0 -2.0 6.0 1.0 10.0 4.0 -12.0 4.0 -18.0 -12.0 4.0 -13.0 -19.0 -4.0 18.0 -20.0 3.0 12.0 4.0 -15.0 19.0 7.0 14.0 12.0 -12.0 -3.0 -6.0 1.0 14.0 -11.0 -12.0 -16.0 7.0 17.0 7.0 -1.0 0.0 15.0 -16.0 4.0 -15.0 8.0 13.0 -14.0 -16.0 10.0 -12.0  6837.0
9.0 4.0 13.0 14.0 2.0 -1.0 9.0 -6.0 9.0 -13.0 10.0 -10.0 -19.0 19.0 0.0 -15.0 8.0 -2.0 14.0 -14.0 18.0 11.0 -10.0 4.0 16.0 18.0 -4.0 -17.0 -17.0 -12.0 -6.0 14.0 12.0 -12.0 9.0 -5.0 9.0 -3.0 11.0 -3.0 5.0 1.0 9.0 8.0 -1.0 -9.0 15.0 -12.0 9.0 8.0 -6.0 9.0 -2.0 2072.0 -8.0 -5.0 6.0 8.0 -1.0 11.0 18.0 15.0 5.0 9.0 -18.0 -5.0 -14.0 11.0 15.0 17.0 -11.0 1.0 -3.0 19.0 -12.0 19.0 -9.0 -18.0 -14.0 20.0 10.0 1.0 8.0 -10.0 -12.0 -19.0 5.0 14.0 12.0 -15.0 5.0 9.0 20.0 -9.0 0.0 -17.0 6.0 6.0 14.0 0.0  8886.0
2.0 -17.0 -18.0 -19.0 -17.0 -10.0 20.0 -6.0 -8.0 -15.0 -5.0 -16.0 8.0 -15.0 -6.0 17.0 -14.0 -20.0 12.0 18.0 -14.0 -4.0 9.0 -13.0 7.0 -12.0 -9.0 -5.0 16.0 -14.0 17.0 -1.0 -9.0 20.0 0.0 -6.0 -11.0 -1.0 10.0 4.0 7.0 -13.0 8.0 -6.0 -8.0 -17.0 -8.0 0.0 -17.0 -16.0 0.0 -9.0 0.0 -12.0 2398.0 -11.0 -2.0 12.0 6.0 -7.0 18.0 2.0 12.0 -11.0 1.0 -6.0 5.0 13.0 13.0 -5.0 -4.0 -1.0 4.0 -15.0 16.0 16.0 -12.0 -13.0 -3.0 -9.0 -9.0 17.0 3.0 14.0 -14.0 -17.0 -16.0 4.0 17.0 10.0 19.0 16.0 -9.0 13.0 -16.0 15.0 -14.0 12.0 7.0 -20.0 10924.0
-12.0 -16.0 0.0 12.0 -11.0 -5.0 9.0 -3.0 4.0 -15.0 10.0 18.0 -18.0 -6.0 11.0 -10.0 -3.0 17.0 15.0 -5.0 6.0 15.0 -9.0 19.0 9.0 -3.0 13.0 15.0 -12.0 1.0 18.0 -2.0 5.0 -3.0 -11.0 16.0 14.0 20.0 -8.0 -1.0 -15.0 -18.0 -4.0 -11.0 -4.0 -14.0 -1.0 16.0 -16.0 -5.0 -8.0 10.0 -8.0 3.0 11.0 2473.0 -20.0 5.0 18.0 -10.0 -14.0 15.0 11.0 13.0 -7.0 -19.0 11.0 -12.0 -19.0 -18.0 7.0 -14.0 -14.0 -17.0 -3.0 5.0 -9.0 16.0 2.0 -4.0 -7.0 14.0 -15.0 5.0 -1.0 18.0 5.0 1.0 3.0 2.0 11.0 11.0 -2.0 1.0 5.0 11.0 3.0 -5.0 19.0 6.0 15069.0
0.0 8.0 12.0 6.0 11.0 -10.0 -8.0 -19.0 -15.0 16.0 -3.0 -2.0 10.0 5.0 -18.0 -12.0 2.0 10.0 11.0 -16.0 -7.0 1.0 17.0 12.0 -16.0 2.0 4.0 9.0 17.0 5.0 -4.0 -4.0 -8.0 -13.0 -16.0 -18.0 -1.0 -2.0 -15.0 4.0 -6.0 5.0 -16.0 -15.0 -11.0 -12.0 -5.0 13.0 20.0 -15.0 20.0 -7.0 8.0 16.0 -16.0 14.0 2404.0 10.0 4.0 -4.0 -6.0 20.0 14.0 8.0 -12.0 20.0 10.0 7.0 -2.0 18.0 -9.0 14.0 2.0 -3.0 19.0 11.0 7.0 -5.0 5.0 7.0 0.0 4.0 20.0 -11.0 0.0 -15.0 -17.0 19.0 15.0 7.0 -6.0 -9.0 7.0 -10.0 19.0 15.0 -11.0 11.0 2.0 9.0 17794.0
8.0 15.0 2.0 -11.0 -7.0 2.0 -19.0 20.0 17.0 6.0 6.0 -2.0 -10.0 7.0 10.0 12.0 12.0 13.0 12.0 9.0 1.0 -14.0 20.0 -11.0 -2.0 20.0 -14.0 7.0 10.0 8.0 -4.0 -3.0 4.0 20.0 8.0 19.0 2.0 9.0 18.0 0.0 -3.0 6.0 -20.0 7.0 -8.0 10.0 0.0 -14.0 4.0 -9.0 15.0 -14.0 -1.0 16.0 -4.0 17.0 15.0 2368.0 6.0 7.0 -9.0 -17.0 -17.0 17.0 -18.0 12.0 15.0 4.0 2.0 12.0 -14.0 19.0 -1.0 -14.0 7.0 12.0 18.0 -14.0 20.0 3.0 0.0 16.0 11.0 19.0 13.0 -14.0 18.0 7.0 10.0 5.0 -5.0 -18.0 8.0 -1.0 19.0 10.0 -8.0 15.0 -4.0 14.0 21843.0
9.0 2.0 15.0 -13.0 10.0 1.0 -20.0 9.0 10.0 -19.0 -7.0 -11.0 17.0 -17.0 -11.0 9.0 -8.0 -12.0 -2.0 -19.0 13.0 13.0 -14.0 0.0 -7.0 -14.0 -10.0 5.0 -19.0 6.0 1.0 12.0 -11.0 -3.0 19.0 -20.0 18.0 -19.0 9.0 7.0 -18.0 -19.0 18.0 20.0 -16.0 -13.0 10.0 -2.0 -5.0 -13.0 2.0 -12.0 -18.0 8.0 10.0 -5.0 16.0 -19.0 2448.0 19.0 9.0 5.0 10.0 18.0 -19.0 11.0 18.0 -20.0 12.0 8.0 8.0 14.0 11.0 5.0 15.0 18.0 14.0 5.0 -5.0 -11.0 14.0 17.0 -1.0 16.0 6.0 -10.0 -7.0 2.0 -8.0 -3.0 0.0 -20.0 -17.0 -10.0 19.0 -16.0 -20.0 18.0 -14.0 12.0 21572.0
8.0 14.0 7.0 -2.0 1.0 4.0 -5.0 -6.0 -10.0 11.0 5.0 -17.0 7.0 -15.0 -19.0 -7.0 -4.0 -4.0 17.0 10.0 13.0 -4.0 10.0 18.0 8.0 10.0 -19.0 8.0 10.0 -11.0 1.0 -3.0 -17.0 -10.0 15.0 6.0 14.0 -10.0 -19.0 -17.0 -20.0 9.0 -12.0 9.0 16.0 -9.0 -17.0 -9.0 7.0 20.0 -20.0 1.0 -4.0 13.0 -2.0 -17.0 2.0 1.0 14.0 2012.0 11.0 -4.0 8.0 16.0 6.0 3.0 3.0 1.0 15.0 4.0 6.0 15.0 -6.0 17.0 5.0 -10.0 -13.0 9.0 3.0 17.0 10.0 4.0 -3.0 -15.0 -2.0 18.0 -9.0 20.0 -2.0 -14.0 -7.0 -10.0 4.0 -20.0 -13.0 -10.0 5.0 10.0 13.0 -1.0 20647.0
-4.0 1.0 -5.0 10.0 -3.0 -18.0 -19.0 4.0 11.0 5.0 0.0 0.0 -10.0 20.0 8.0 8.0 17.0 -20.0 7.0 -4.0 -12.0 20.0 9.0 12.0 -18.0 16.0 -17.0 9.0 6.0 19.0 -10.0 -17.0 -1.0 5.0 13.0 16.0 9.0 17.0 1.0 -1.0 1.0 -19.0 -19.0 11.0 -18.0 11.0 0.0 19.0 13.0 -12.0 -4.0 -18.0 -10.0 -16.0 14.0 -8.0 -20.0 20.0 -18.0 8.0 2495.0 -8.0 11.0 -4.0 20.0 5.0 -9.0 8.0 1.0 12.0 -13.0 -19.0 15.0 -10.0 14.0 17.0 -18.0 -7.0 17.0 17.0 4.0 -5.0 19.0 14.0 -1.0 14.0 -13.0 1.0 13.0 -11.0 -12.0 10.0 2.0 -20.0 -15.0 1.0 6.0 -2.0 -12.0 -14.0  3383.0
-8.0 -3.0 -10.0 -14.0 9.0 -15.0 -15.0 11.0 1.0 -17.0 7.0 -16.0 0.0 7.0 18.0 -19.0 1.0 -16.0 2.0 -7.0 -5.0 13.0 -15.0 17.0 15.0 -10.0 -3.0 0.0 11.0 8.0 9.0 -18.0 -16.0 -20.0 -10.0 14.0 -13.0 -3.0 6.0 8.0 3.0 -5.0 14.0 -18.0 -19.0 13.0 -15.0 4.0 19.0 8.0 18.0 -6.0 2.0 -18.0 -10.0 -2.0 -6.0 10.0 -20.0 -14.0 -3.0 2258.0 -12.0 3.0 11.0 1.0 -2.0 20.0 18.0 -16.0 8.0 2.0 1.0 3.0 7.0 4.0 -4.0 12.0 -12.0 -6.0 1.0 -15.0 8.0 -16.0 -11.0 19.0 3.0 5.0 10.0 3.0 12.0 -12.0 -7.0 -19.0 11.0 -15.0 2.0 -11.0 -16.0 2.0  3831.0
-5.0 14.0 -15.0 16.0 -3.0 12.0 -1.0 13.0 4.0 7.0 -14.0 -16.0 14.0 17.0 -11.0 -16.0 17.0 12.0 12.0 6.0 -4.0 3.0 14.0 9.0 4.0 4.0 14.0 -12.0 15.0 20.0 12.0 -11.0 14.0 17.0 -14.0 -10.0 9.0 8.0 -16.0 -6.0 -4.0 -8.0 -2.0 -8.0 -12.0 7.0 -4.0 -16.0 0.0 -13.0 12.0 16.0 12.0 5.0 6.0 -2.0 -9.0 -1.0 6.0 -13.0 1.0 -1.0 2234.0 -6.0 -5.0 5.0 6.0 -15.0 -8.0 12.0 -1.0 11.0 -17.0 18.0 -18.0 -6.0 6.0 -2.0 -2.0 -12.0 8.0 -8.0 -17.0 -1.0 17.0 12.0 17.0 -11.0 -10.0 4.0 -3.0 13.0 -18.0 16.0 -12.0 0.0 2.0 14.0 5.0 17.0  7406.0
7.0 -14.0 7.0 11.0 -15.0 9.0 -14.0 11.0 -12.0 4.0 -20.0 18.0 18.0 -16.0 -3.0 15.0 16.0 -5.0 -15.0 -13.0 -19.0 2.0 -18.0 -15.0 -1.0 -10.0 7.0 -19.0 -14.0 -6.0 18.0 13.0 0.0 4.0 5.0 5.0 -6.0 11.0 -3.0 2.0 -3.0 -2.0 2.0 -6.0 4.0 -20.0 -10.0 1.0 -5.0 -4.0 10.0 -2.0 18.0 12.0 6.0 -1.0 -16.0 -8.0 0.0 -10.0 6.0 -1.0 -18.0 2230.0 -16.0 8.0 12.0 -2.0 0.0 -9.0 -19.0 17.0 9.0 3.0 -9.0 -6.0 3.0 1.0 17.0 -20.0 17.0 6.0 0.0 17.0 0.0 -15.0 -5.0 4.0 -2.0 17.0 16.0 -15.0 -5.0 20.0 -7.0 -1.0 7.0 -16.0 19.0 -13.0  7987.0
-5.0 20.0 -15.0 -15.0 5.0 -4.0 1.0 -11.0 20.0 -3.0 -11.0 18.0 -15.0 10.0 14.0 5.0 15.0 -10.0 -10.0 -6.0 -12.0 -15.0 0.0 3.0 -16.0 13.0 -17.0 14.0 19.0 -17.0 -18.0 -4.0 -17.0 -13.0 3.0 10.0 6.0 -16.0 19.0 5.0 3.0 -12.0 4.0 8.0 20.0 -2.0 -6.0 16.0 10.0 4.0 -8.0 19.0 11.0 12.0 3.0 18.0 6.0 9.0 13.0 6.0 12.0 17.0 -17.0 17.0 2192.0 9.0 6.0 11.0 13.0 7.0 -3.0 -3.0 17.0 -19.0 -15.0 16.0 1.0 -1.0 13.0 -8.0 -15.0 -16.0 -8.0 18.0 18.0 16.0 17.0 5.0 6.0 9.0 -9.0 -1.0 7.0 -4.0 -4.0 13.0 -16.0 -17.0 5.0 19.0 12836.0
10.0 -16.0 -4.0 6.0 -13.0 1.0 3.0 10.0 -19.0 -2.0 -19.0 -12.0 2.0 -6.0 -14.0 0.0 -9.0 -18.0 -16.0 19.0 14.0 -3.0 -3.0 0.0 16.0 13.0 -6.0 20.0 17.0 20.0 19.0 8.0 -15.0 -4.0 -4.0 -8.0 19.0 -20.0 -19.0 20.0 -2.0 -18.0 -12.0 -20.0 -2.0 -4.0 2.0 11.0 0.0 8.0 9.0 -5.0 -13.0 -14.0 16.0 -18.0 19.0 -9.0 -19.0 17.0 -8.0 -19.0 7.0 -3.0 -3.0 2379.0 9.0 -5.0 -16.0 12.0 -3.0 3.0 15.0 7.0 5.0 -6.0 -16.0 -12.0 -15.0 4.0 16.0 16.0 20.0 -18.0 -19.0 17.0 -14.0 -18.0 -11.0 -10.0 -20.0 2.0 -9.0 7.0 19.0 11.0 13.0 8.0 -13.0 18.0 13964.0
-1.0 6.0 2.0 -5.0 -8.0 -14.0 12.0 -4.0 -6.0 19.0 -18.0 -9.0 14.0 -17.0 -4.0 16.0 -19.0 4.0 20.0 -10.0 14.0 20.0 12.0 -13.0 9.0 11.0 20.0 1.0 0.0 -14.0 0.0 -20.0 13.0 -19.0 -2.0 -14.0 -11.0 -11.0 3.0 5.0 -13.0 7.0 17.0 -18.0 10.0 -6.0 18.0 11.0 18.0 19.0 -18.0 12.0 19.0 15.0 -20.0 9.0 7.0 20.0 -9.0 -14.0 -13.0 12.0 -14.0 20.0 13.0 6.0 2490.0 -18.0 15.0 11.0 7.0 -17.0 -1.0 5.0 -14.0 -12.0 -20.0 -15.0 -20.0 19.0 -16.0 -18.0 12.0 -16.0 19.0 12.0 15.0 5.0 13.0 -15.0 11.0 20.0 17.0 20.0 -19.0 12.0 5.0 -13.0 16.0 2.0 18309.0
20.0 2.0 5.0 -2.0 -11.0 11.0 8.0 -11.0 19.0 10.0 -11.0 -18.0 12.0 -20.0 -12.0 11.0 14.0 -18.0 -3.0 6.0 -11.0 -12.0 8.0 -14.0 -11.0 9.0 20.0 14.0 18.0 15.0 -5.0 19.0 -2.0 -18.0 -2.0 7.0 15.0 -15.0 19.0 13.0 17.0 -13.0 17.0 10.0 -10.0 -14.0 2.0 -15.0 -12.0 20.0 12.0 0.0 -11.0 1.0 8.0 -2.0 -11.0 7.0 -7.0 -12.0 1.0 11.0 -14.0 19.0 13.0 4.0 8.0 2475.0 11.0 8.0 2.0 7.0 15.0 0.0 -4.0 -14.0 7.0 -20.0 -8.0 17.0 20.0 -15.0 -4.0 -12.0 6.0 -17.0 8.0 17.0 10.0 -20.0 -16.0 -8.0 11.0 -10.0 -7.0 3.0 16.0 -20.0 -8.0 6.0 20642.0
10.0 16.0 -6.0 6.0 -5.0 12.0 13.0 -19.0 12.0 -14.0 19.0 13.0 -9.0 -4.0 -20.0 19.0 0.0 8.0 15.0 -9.0 11.0 19.0 4.0 1.0 -10.0 17.0 -14.0 -15.0 19.0 0.0 13.0 8.0 -5.0 -14.0 -7.0 10.0 18.0 -13.0 14.0 12.0 -7.0 14.0 4.0 4.0 -11.0 7.0 2.0 9.0 -4.0 -2.0 -20.0 -14.0 -2.0 6.0 8.0 8.0 2.0 16.0 15.0 0.0 -5.0 7.0 -11.0 12.0 15.0 2.0 3.0 15.0 2353.0 -4.0 6.0 -18.0 -9.0 -11.0 9.0 1.0 16.0 -8.0 -9.0 -8.0 11.0 -7.0 0.0 -12.0 19.0 -11.0 19.0 2.0 -16.0 15.0 -17.0 1.0 4.0 -8.0 -8.0 -2.0 15.0 18.0 -6.0 6.0 22376.0
-5.0 20.0 8.0 7.0 -11.0 -2.0 -11.0 -14.0 11.0 2.0 0.0 3.0 16.0 -20.0 11.0 16.0 -11.0 11.0 0.0 -4.0 8.0 3.0 17.0 -9.0 16.0 -9.0 11.0 10.0 -12.0 -15.0 -3.0 3.0 -16.0 -14.0 -11.0 -5.0 5.0 -2.0 4.0 -5.0 -18.0 -17.0 18.0 20.0 -15.0 10.0 17.0 -3.0 3.0 -4.0 13.0 -10.0 20.0 9.0 1.0 17.0 20.0 -7.0 6.0 -13.0 -2.0 -16.0 11.0 5.0 -10.0 -19.0 -19.0 15.0 2.0 2028.0 -9.0 4.0 11.0 -10.0 3.0 18.0 -18.0 -1.0 -6.0 5.0 18.0 -14.0 17.0 17.0 18.0 -3.0 13.0 17.0 12.0 0.0 -14.0 -10.0 4.0 19.0 17.0 16.0 -19.0 18.0 11.0 3.0 21180.0
5.0 -17.0 -12.0 -3.0 -6.0 13.0 -6.0 -2.0 -6.0 9.0 -18.0 -9.0 15.0 19.0 -11.0 12.0 -3.0 -17.0 11.0 -10.0 3.0 19.0 2.0 -12.0 17.0 -2.0 -15.0 18.0 -2.0 16.0 3.0 -18.0 -19.0 11.0 -1.0 -3.0 6.0 13.0 15.0 20.0 3.0 19.0 -10.0 0.0 19.0 1.0 -7.0 -3.0 4.0 -17.0 7.0 -12.0 -19.0 -11.0 -2.0 20.0 7.0 3.0 18.0 -16.0 1.0 2.0 -12.0 2.0 -8.0 9.0 19.0 20.0 4.0 13.0 2371.0 -14.0 13.0 -10.0 6.0 11.0 11.0 20.0 -13.0 -6.0 -16.0 14.0 4.0 -12.0 -16.0 -19.0 -13.0 12.0 5.0 -14.0 18.0 -15.0 8.0 -12.0 7.0 -18.0 17.0 7.0 -19.0 0.0  3065.0
1.0 -20.0 9.0 -7.0 -10.0 -6.0 -17.0 -17.0 -5.0 -8.0 -1.0 2.0 -15.0 -17.0 10.0 -10.0 -16.0 17.0 -17.0 9.0 -17.0 -18.0 14.0 13.0 -10.0 2.0 15.0 -11.0 -10.0 17.0 9.0 11.0 17.0 -1.0 -17.0 -12.0 16.0 -12.0 -9.0 -10.0 0.0 13.0 14.0 8.0 16.0 3.0 20.0 20.0 2.0 -18.0 11.0 7.0 -14.0 6.0 -1.0 -3.0 -12.0 -6.0 6.0 -2.0 -10.0 -4.0 -9.0 -12.0 16.0 -4.0 -4.0 13.0 5.0 10.0 -16.0 2327.0 2.0 19.0 14.0 -1.0 3.0 13.0 -2.0 -16.0 17.0 -12.0 13.0 -17.0 15.0 -8.0 2.0 -16.0 8.0 -13.0 4.0 20.0 5.0 17.0 -13.0 2.0 -7.0 5.0 -6.0 18.0  4338.0
-4.0 -1.0 -17.0 20.0 -1.0 20.0 -2.0 -19.0 12.0 19.0 -14.0 11.0 -12.0 -20.0 14.0 -18.0 -8.0 -5.0 -12.0 -19.0 4.0 15.0 -20.0 -10.0 11.0 -11.0 15.0 -17.0 15.0 -12.0 -18.0 -8.0 9.0 -12.0 -8.0 -11.0 -13.0 12.0 -9.0 -20.0 10.0 -1.0 11.0 19.0 -1.0 4.0 -18.0 14.0 -20.0 -7.0 15.0 4.0 -13.0 16.0 15.0 18.0 -14.0 9.0 -17.0 -20.0 19.0 -15.0 -5.0 10.0 -7.0 9.0 19.0 2.0 0.0 -9.0 3.0 -8.0 2228.0 -7.0 -8.0 -11.0 20.0 -4.0 -16.0 20.0 9.0 19.0 6.0 18.0 16.0 0.0 18.0 -18.0 -10.0 -20.0 -16.0 -10.0 -13.0 -1.0 20.0 3.0 -11.0 -20.0 -16.0 10.0  5384.0
-9.0 7.0 -17.0 -19.0 -18.0 -3.0 -8.0 -17.0 13.0 -2.0 -16.0 4.0 -4.0 10.0 1.0 -6.0 -11.0 0.0 -2.0 1.0 2.0 2.0 12.0 10.0 -17.0 13.0 -8.0 -8.0 13.0 -2.0 -17.0 -16.0 -15.0 -14.0 -13.0 -11.0 3.0 1.0 -6.0 -2.0 19.0 -2.0 -19.0 -4.0 -12.0 4.0 12.0 -1.0 -16.0 -11.0 -20.0 8.0 12.0 14.0 -3.0 17.0 6.0 11.0 -12.0 -1.0 -11.0 -8.0 5.0 -4.0 0.0 12.0 7.0 -15.0 -6.0 -20.0 5.0 -6.0 -2.0 2287.0 12.0 8.0 -9.0 4.0 -13.0 -3.0 13.0 -11.0 -15.0 6.0 -18.0 4.0 2.0 8.0 -3.0 11.0 -12.0 6.0 -16.0 13.0 -17.0 6.0 6.0 10.0 11.0 20.0  8445.0
12.0 -3.0 -5.0 -9.0 -16.0 -13.0 20.0 -4.0 13.0 -12.0 15.0 5.0 -3.0 20.0 -9.0 -1.0 6.0 15.0 -12.0 -18.0 5.0 -3.0 10.0 11.0 -9.0 13.0 -3.0 18.0 4.0 -11.0 19.0 -5.0 7.0 -6.0 8.0 11.0 3.0 7.0 -12.0 -5.0 15.0 -17.0 -19.0 -9.0 -16.0 -6.0 12.0 10.0 -11.0 -18.0 14.0 14.0 1.0 3.0 7.0 12.0 -3.0 -17.0 9.0 -20.0 -6.0 10.0 -3.0 -20.0 -15.0 -13.0 14.0 8.0 14.0 -19.0 -16.0 11.0 -14.0 -15.0 2423.0 -7.0 0.0 16.0 -18.0 11.0 20.0 19.0 6.0 0.0 3.0 -8.0 -9.0 -20.0 -3.0 -18.0 -18.0 12.0 12.0 2.0 14.0 17.0 9.0 7.0 6.0 4.0 11523.0
11.0 12.0 -6.0 19.0 17.0 -2.0 -9.0 -2.0 -5.0 -4.0 -12.0 -6.0 -6.0 15.0 14.0 17.0 -12.0 -14.0 19.0 6.0 -12.0 -17.0 -3.0 -19.0 5.0 -8.0 20.0 -5.0 -19.0 7.0 19.0 12.0 -2.0 -7.0 12.0 -3.0 13.0 -17.0 17.0 -13.0 -1.0 -13.0 1.0 15.0 -17.0 -4.0 13.0 -9.0 2.0 12.0 17.0 13.0 17.0 -5.0 16.0 3.0 8.0 16.0 18.0 9.0 2.0 16.0 2.0 -18.0 -10.0 -7.0 -1.0 -18.0 -2.0 -3.0 -9.0 17.0 4.0 12.0 13.0 2402.0 -11.0 6.0 19.0 12.0 -1.0 17.0 6.0 -5.0 -6.0 1.0 18.0 -17.0 -2.0 17.0 14.0 -20.0 14.0 -3.0 -16.0 -16.0 10.0 3.0 -12.0 -10.0 15157.0
20.0 0.0 -12.0 6.0 -7.0 -19.0 -8.0 3.0 9.0 -8.0 -4.0 -13.0 -9.0 -17.0 4.0 5.0 4.0 3.0 8.0 -18.0 -1.0 3.0 -16.0 -8.0 20.0 -12.0 -2.0 11.0 13.0 9.0 -20.0 14.0 -10.0 -11.0 -1.0 3.0 -8.0 14.0 -13.0 -20.0 -15.0 5.0 -13.0 -4.0 8.0 13.0 -18.0 -6.0 -5.0 12.0 -2.0 16.0 -6.0 2.0 -11.0 -7.0 12.0 10.0 -14.0 6.0 -2.0 -14.0 -1.0 8.0 -3.0 -20.0 -8.0 9.0 14.0 2.0 9.0 -20.0 -14.0 18.0 -3.0 17.0 2279.0 1.0 -10.0 -14.0 -7.0 8.0 -19.0 9.0 -9.0 -9.0 -16.0 -16.0 -20.0 -10.0 10.0 0.0 -4.0 -10.0 -11.0 14.0 -8.0 1.0 2.0 -15.0 14616.0
-16.0 -7.0 -12.0 -9.0 -10.0 7.0 -11.0 -20.0 -13.0 -1.0 -14.0 2.0 -12.0 -10.0 -9.0 -1.0 3.0 -5.0 3.0 5.0 5.0 -6.0 -16.0 -18.0 6.0 -5.0 16.0 19.0 16.0 0.0 -15.0 -18.0 13.0 -7.0 -5.0 -18.0 20.0 4.0 -16.0 -11.0 -18.0 -7.0 11.0 -10.0 3.0 -17.0 11.0 -15.0 -2.0 -7.0 12.0 -16.0 9.0 18.0 -13.0 -6.0 -8.0 -16.0 -6.0 -13.0 4.0 0.0 -9.0 -2.0 15.0 6.0 3.0 17.0 -11.0 7.0 -15.0 -9.0 20.0 18.0 3.0 4.0 -19.0 2486.0 11.0 1.0 6.0 2.0 6.0 -4.0 -1.0 13.0 11.0 11.0 19.0 -14.0 -20.0 5.0 6.0 -9.0 -18.0 3.0 18.0 7.0 -1.0 -14.0 19250.0
-6.0 6.0 0.0 -5.0 3.0 -18.0 20.0 6.0 -4.0 10.0 -13.0 -17.0 -8.0 15.0 0.0 13.0 9.0 -8.0 4.0 7.0 -2.0 4.0 -9.0 -14.0 17.0 -4.0 9.0 14.0 -18.0 -11.0 -20.0 -2.0 15.0 0.0 14.0 -3.0 4.0 15.0 -15.0 20.0 6.0 -6.0 -17.0 20.0 -12.0 5.0 13.0 17.0 17.0 -4.0 3.0 -4.0 -19.0 17.0 2.0 18.0 -8.0 -8.0 14.0 -4.0 1.0 16.0 15.0 -5.0 -3.0 10.0 15.0 -20.0 4.0 -19.0 -20.0 -9.0 -5.0 -17.0 -9.0 3.0 10.0 -17.0 2299.0 6.0 1.0 -17.0 -17.0 4.0 20.0 8.0 1.0 -7.0 20.0 -4.0 10.0 3.0 -9.0 6.0 18.0 8.0 -3.0 14.0 9.0 -20.0 21638.0
15.0 11.0 -7.0 -11.0 16.0 4.0 14.0 5.0 7.0 -6.0 -10.0 -11.0 -2.0 -5.0 13.0 -1.0 -18.0 -4.0 15.0 -18.0 12.0 6.0 5.0 -15.0 -9.0 4.0 13.0 8.0 0.0 3.0 10.0 -4.0 -7.0 -18.0 8.0 -12.0 9.0 1.0 13.0 -5.0 16.0 -16.0 5.0 -5.0 0.0 -1.0 16.0 4.0 15.0 10.0 6.0 9.0 -5.0 -8.0 14.0 8.0 19.0 6.0 -3.0 -2.0 -9.0 -12.0 14.0 4.0 -7.0 1.0 13.0 -19.0 -16.0 7.0 -2.0 20.0 14.0 -16.0 -4.0 -5.0 4.0 -9.0 19.0 2255.0 -17.0 7.0 -12.0 -2.0 19.0 -19.0 -12.0 17.0 10.0 5.0 -4.0 -20.0 16.0 -8.0 4.0 -12.0 13.0 -2.0 -11.0 19.0 23470.0
-13.0 9.0 20.0 -20.0 14.0 -5.0 -5.0 -3.0 9.0 -5.0 19.0 12.0 -19.0 -13.0 -9.0 -20.0 -10.0 -1.0 19.0 20.0 -14.0 -3.0 20.0 -19.0 9.0 6.0 -9.0 3.0 -15.0 2.0 2.0 -8.0 -10.0 1.0 -6.0 -15.0 19.0 11.0 4.0 7.0 -14.0 3.0 -2.0 -13.0 10.0 9.0 -11.0 20.0 -10.0 -12.0 -19.0 -4.0 7.0 -18.0 -1.0 -5.0 8.0 12.0 18.0 16.0 -7.0 1.0 -11.0 5.0 -18.0 4.0 11.0 -18.0 -6.0 -6.0 9.0 0.0 17.0 -14.0 8.0 8.0 17.0 19.0 10.0 -14.0 2475.0 11.0 4.0 13.0 13.0 -16.0 -11.0 3.0 16.0 -11.0 0.0 -12.0 10.0 9.0 14.0 14.0 -8.0 4.0 16.0 9.0  3354.0
20.0 6.0 -12.0 17.0 12.0 18.0 4.0 11.0 17.0 -5.0 17.0 -16.0 -15.0 3.0 20.0 -20.0 7.0 -12.0 5.0 3.0 -3.0 -16.0 13.0 -11.0 13.0 6.0 -16.0 -13.0 -9.0 -20.0 16.0 -9.0 6.0 -15.0 -11.0 0.0 -17.0 15.0 -10.0 -19.0 -10.0 -12.0 -15.0 -5.0 13.0 -14.0 -3.0 0.0 -5.0 -19.0 -16.0 14.0 -15.0 17.0 -16.0 -20.0 5.0 -11.0 -13.0 16.0 -9.0 -16.0 -12.0 17.0 -11.0 -3.0 -2.0 -6.0 -6.0 10.0 -5.0 4.0 -20.0 3.0 -20.0 13.0 9.0 -2.0 -6.0 -15.0 1.0 2093.0 20.0 9.0 -3.0 -15.0 9.0 -17.0 -6.0 18.0 -20.0 5.0 -17.0 -11.0 4.0 -8.0 8.0 -17.0 7.0 -19.0  2617.0
14.0 -19.0 5.0 16.0 6.0 8.0 8.0 -5.0 -15.0 -16.0 0.0 6.0 4.0 1.0 -4.0 -18.0 7.0 -16.0 -15.0 -20.0 -17.0 -14.0 8.0 -14.0 -3.0 -9.0 1.0 -16.0 -6.0 -13.0 -12.0 -11.0 -10.0 15.0 -16.0 17.0 2.0 15.0 -7.0 9.0 -20.0 13.0 -3.0 6.0 -4.0 13.0 11.0 -18.0 20.0 16.0 -16.0 -18.0 -17.0 14.0 -9.0 2.0 -16.0 12.0 9.0 1.0 -20.0 17.0 12.0 -10.0 13.0 19.0 -12.0 -3.0 13.0 1.0 -15.0 15.0 -6.0 4.0 0.0 12.0 -3.0 -10.0 14.0 -4.0 -12.0 20.0 2047.0 -7.0 14.0 13.0 16.0 20.0 6.0 6.0 2.0 6.0 4.0 -6.0 17.0 -4.0 -8.0 -14.0 13.0 -14.0  6240.0
8.0 -20.0 -20.0 -17.0 4.0 2.0 15.0 -18.0 13.0 8.0 0.0 -18.0 9.0 -20.0 -5.0 2.0 15.0 -8.0 2.0 1.0 18.0 -15.0 -14.0 1.0 1.0 -16.0 18.0 13.0 -9.0 12.0 -20.0 19.0 14.0 -18.0 -19.0 -2.0 5.0 18.0 0.0 -3.0 7.0 -20.0 -1.0 -5.0 -18.0 16.0 18.0 19.0 -12.0 1.0 -1.0 -15.0 8.0 8.0 7.0 -11.0 12.0 6.0 -17.0 -16.0 -1.0 -16.0 -16.0 -7.0 -14.0 -15.0 13.0 13.0 -16.0 -8.0 -9.0 11.0 -6.0 10.0 -14.0 -2.0 8.0 -15.0 -3.0 16.0 8.0 16.0 -18.0 2494.0 5.0 11.0 4.0 -3.0 -2.0 8.0 1.0 18.0 14.0 6.0 -8.0 -19.0 13.0 -16.0 15.0 20.0 10188.0
-2.0 -15.0 10.0 15.0 18.0 16.0 -8.0 5.0 -18.0 9.0 2.0 10.0 7.0 4.0 -15.0 -9.0 -5.0 9.0 10.0 13.0 -2.0 -7.0 12.0 -9.0 -20.0 -17.0 -5.0 15.0 -11.0 -11.0 14.0 10.0 -4.0 4.0 4.0 -7.0 1.0 18.0 20.0 4.0 7.0 1.0 -7.0 -5.0 -13.0 -2.0 8.0 2.0 -11.0 -2.0 -4.0 9.0 13.0 -12.0 -18.0 13.0 -7.0 -3.0 7.0 3.0 6.0 1.0 -6.0 -19.0 -16.0 18.0 -3.0 7.0 15.0 -4.0 -10.0 3.0 20.0 4.0 20.0 -14.0 -17.0 8.0 10.0 -8.0 -13.0 -15.0 -17.0 20.0 2274.0 -15.0 12.0 9.0 2.0 0.0 -7.0 -13.0 -20.0 7.0 -10.0 -14.0 6.0 9.0 14.0 0.0 11841.0
-15.0 -15.0 -15.0 -14.0 9.0 -16.0 -8.0 13.0 12.0 -19.0 -14.0 -20.0 -14.0 -11.0 20.0 2.0 -6.0 13.0 -8.0 16.0 -7.0 5.0 -16.0 -5.0 -7.0 -3.0 4.0 19.0 -15.0 -1.0 0.0 -8.0 4.0 5.0 -2.0 -7.0 10.0 12.0 -13.0 3.0 13.0 -7.0 6.0 -19.0 5.0 5.0 5.0 19.0 0.0 19.0 17.0 13.0 5.0 -20.0 -11.0 18.0 -1.0 13.0 18.0 5.0 -7.0 -3.0 19.0 18.0 -16.0 -3.0 -8.0 16.0 -12.0 -1.0 -2.0 -17.0 14.0 -17.0 -14.0 -2.0 11.0 13.0 -1.0 -10.0 11.0 -5.0 -16.0 -5.0 -3.0 2321.0 -8.0 17.0 -12.0 -9.0 3.0 1.0 8.0 3.0 0.0 14.0 20.0 14.0 9.0 -10.0 14548.0
-6.0 -11.0 -5.0 -12.0 -8.0 1.0 8.0 -16.0 -7.0 -14.0 -4.0 -15.0 1.0 0.0 0.0 -20.0 16.0 14.0 17.0 -17.0 -16.0 1.0 6.0 14.0 -17.0 -12.0 8.0 -15.0 -19.0 -4.0 -3.0 -4.0 5.0 14.0 6.0 20.0 -4.0 -7.0 -15.0 9.0 0.0 2.0 16.0 -18.0 -17.0 -5.0 -18.0 19.0 -10.0 -20.0 -17.0 -6.0 3.0 12.0 -11.0 9.0 20.0 19.0 14.0 -18.0 -3.0 -8.0 -2.0 -17.0 -15.0 -17.0 -16.0 1.0 -1.0 -10.0 -9.0 -20.0 12.0 -14.0 -16.0 17.0 3.0 -11.0 16.0 13.0 -11.0 19.0 -12.0 15.0 10.0 -3.0 2054.0 11.0 -4.0 -2.0 14.0 13.0 12.0 -7.0 16.0 17.0 -1.0 -20.0 -1.0 18.0 13635.0
-8.0 10.0 20.0 -15.0 18.0 -17.0 -19.0 0.0 -8.0 17.0 -8.0 4.0 18.0 0.0 -2.0 9.0 19.0 -18.0 0.0 -4.0 2.0 -5.0 -10.0 -7.0 8.0 -12.0 -9.0 -14.0 -10.0 10.0 -15.0 2.0 -1.0 -16.0 7.0 -2.0 -12.0 10.0 18.0 0.0 9.0 -9.0 -15.0 6.0 13.0 3.0 -6.0 11.0 7.0 16.0 -13.0 -12.0 -10.0 -1.0 3.0 -20.0 7.0 14.0 -14.0 17.0 3.0 -6.0 -2.0 -17.0 -2.0 -14.0 1.0 8.0 17.0 0.0 -10.0 5.0 11.0 -5.0 -8.0 3.0 -20.0 8.0 -4.0 7.0 4.0 5.0 18.0 16.0 -17.0 0.0 16.0 2406.0 -4.0 -16.0 7.0 19.0 -2.0 -13.0 -16.0 18.0 -5.0 7.0 6.0 -9.0 19410.0
-13.0 16.0 18.0 20.0 -10.0 -11.0 3.0 -10.0 18.0 -20.0 20.0 3.0 5.0 17.0 -2.0 10.0 -2.0 -6.0 2.0 14.0 0.0 -11.0 13.0 18.0 -2.0 19.0 15.0 13.0 5.0 2.0 -14.0 12.0 -3.0 -15.0 12.0 10.0 -3.0 -4.0 -19.0 -4.0 -2.0 -20.0 19.0 -18.0 19.0 -2.0 14.0 -3.0 14.0 -4.0 -10.0 -7.0 7.0 -16.0 -10.0 -16.0 -18.0 -13.0 19.0 8.0 9.0 -16.0 1.0 -12.0 -10.0 -6.0 18.0 7.0 10.0 -20.0 -18.0 -11.0 -17.0 -18.0 -7.0 -19.0 0.0 -13.0 -2.0 -6.0 3.0 9.0 7.0 -11.0 13.0 20.0 -5.0 18.0 2317.0 -7.0 7.0 17.0 0.0 -13.0 -16.0 12.0 2.0 -17.0 -2.0 -7.0 20723.0
-14.0 2.0 3.0 -11.0 6.0 16.0 -10.0 -15.0 -16.0 11.0 1.0 7.0 1.0 -10.0 18.0 -5.0 -11.0 -6.0 -8.0 -1.0 10.0 19.0 -5.0 -11.0 -12.0 2.0 -20.0 10.0 7.0 0.0 -16.0 13.0 -17.0 9.0 -17.0 9.0 5.0 -4.0 14.0 11.0 -14.0 -3.0 -2.0 7.0 7.0 -3.0 -19.0 18.0 14.0 -6.0 -4.0 3.0 -6.0 13.0 12.0 2.0 -6.0 14.0 -7.0 -17.0 -7.0 -2.0 18.0 -2.0 -14.0 -17.0 -14.0 13.0 -1.0 20.0 4.0 5.0 -2.0 -17.0 -9.0 -16.0 2.0 -8.0 -19.0 -5.0 8.0 -1.0 20.0 -18.0 -8.0 13.0 6.0 8.0 6.0 2233.0 13.0 -20.0 -3.0 11.0 -2.0 5.0 14.0 6.0 0.0 -8.0 22080.0
8.0 -15.0 19.0 -15.0 -10.0 -11.0 -10.0 14.0 3.0 -7.0 -9.0 -7.0 13.0 -10.0 -3.0 -14.0 -17.0 -18.0 16.0 11.0 -17.0 9.0 14.0 2.0 1.0 -7.0 -11.0 -4.0 20.0 9.0 10.0 7.0 16.0 8.0 12.0 -13.0 19.0 -17.0 -20.0 3.0 -3.0 -9.0 18.0 -9.0 4.0 -6.0 -1.0 9.0 -1.0 -6.0 1.0 2.0 -16.0 -4.0 -14.0 5.0 10.0 -5.0 -20.0 11.0 -17.0 10.0 -3.0 -20.0 -1.0 -10.0 -13.0 -3.0 -6.0 -11.0 -20.0 13.0 3.0 18.0 -15.0 -14.0 -6.0 6.0 17.0 15.0 20.0 -3.0 -2.0 -16.0 14.0 4.0 11.0 5.0 19.0 12.0 2053.0 -17.0 3.0 12.0 -17.0 -18.0 -17.0 -8.0 -1.0 -3.0  1586.0
2.0 1.0 -9.0 -16.0 1.0 -2.0 -8.0 17.0 -17.0 -12.0 11.0 -15.0 7.0 -12.0 -9.0 0.0 13.0 -19.0 -16.0 11.0 15.0 -1.0 17.0 -2.0 -8.0 -19.0 2.0 -4.0 -6.0 -18.0 15.0 18.0 4.0 -12.0 -17.0 -14.0 6.0 -5.0 -18.0 12.0 5.0 13.0 17.0 -9.0 -20.0 -13.0 14.0 15.0 -10.0 18.0 8.0 -13.0 -1.0 4.0 7.0 13.0 5.0 -12.0 -10.0 -20.0 -10.0 -13.0 20.0 16.0 -5.0 -18.0 -19.0 -20.0 -1.0 -15.0 12.0 -17.0 18.0 10.0 -5.0 -20.0 19.0 -12.0 15.0 -9.0 -13.0 4.0 -2.0 8.0 -13.0 -16.0 1.0 15.0 -6.0 13.0 17.0 2134.0 20.0 17.0 2.0 -6.0 19.0 5.0 -3.0 -2.0  3004.0
11.0 -10.0 3.0 10.0 -18.0 18.0 10.0 -20.0 -13.0 7.0 -9.0 -5.0 -8.0 11.0 -16.0 2.0 15.0 5.0 -4.0 -12.0 0.0 -6.0 15.0 -1.0 -10.0 -2.0 16.0 -9.0 -18.0 -6.0 11.0 15.0 6.0 -7.0 5.0 8.0 -7.0 -4.0 11.0 0.0 -16.0 -17.0 17.0 -3.0 15.0 -19.0 19.0 9.0 8.0 -4.0 20.0 -13.0 12.0 14.0 9.0 -16.0 -9.0 4.0 -5.0 -5.0 20.0 -13.0 -10.0 5.0 0.0 15.0 -5.0 13.0 -8.0 -15.0 -5.0 -3.0 -10.0 -9.0 16.0 -16.0 -8.0 16.0 16.0 -20.0 -7.0 15.0 -13.0 -16.0 10.0 16.0 -12.0 -18.0 1.0 5.0 -1.0 2.0 2125.0 9.0 -13.0 -6.0 5.0 4.0 -12.0 20.0  6059.0
11.0 5.0 -2.0 -20.0 17.0 -7.0 -15.0 -10.0 -10.0 -18.0 -10.0 3.0 17.0 0.0 9.0 8.0 -3.0 20.0 12.0 -20.0 4.0 -10.0 2.0 -2.0 -19.0 11.0 14.0 6.0 -6.0 -17.0 5.0 -16.0 9.0 -18.0 -13.0 5.0 -3.0 -6.0 15.0 7.0 -4.0 -13.0 -9.0 -6.0 9.0 -20.0 -19.0 -15.0 20.0 15.0 -15.0 5.0 -16.0 8.0 -16.0 -15.0 -2.0 20.0 14.0 15.0 -17.0 0.0 19.0 12.0 3.0 -15.0 -2.0 -19.0 1.0 -6.0 9.0 17.0 3.0 -19.0 -10.0 -9.0 -19.0 -7.0 -3.0 -18.0 -13.0 4.0 8.0 -6.0 -7.0 14.0 1.0 12.0 14.0 -6.0 8.0 17.0 17.0 2129.0 10.0 1.0 14.0 -11.0 2.0 -6.0  7884.0
5.0 -8.0 -7.0 -12.0 -6.0 3.0 1.0 -5.0 19.0 20.0 0.0 -15.0 4.0 -11.0 1.0 17.0 -18.0 -18.0 10.0 18.0 -2.0 -3.0 16.0 -6.0 -15.0 7.0 15.0 -20.0 16.0 -3.0 -4.0 3.0 11.0 11.0 11.0 -16.0 -6.0 -7.0 2.0 -8.0 -7.0 -19.0 -1.0 17.0 -8.0 -18.0 15.0 -6.0 -16.0 7.0 -6.0 4.0 -15.0 -11.0 19.0 -8.0 17.0 15.0 -6.0 14.0 -7.0 11.0 -4.0 -16.0 3.0 -12.0 -12.0 17.0 2.0 12.0 -10.0 15.0 15.0 12.0 13.0 -14.0 14.0 9.0 3.0 20.0 -5.0 17.0 3.0 3.0 -15.0 1.0 15.0 -17.0 -2.0 -11.0 18.0 11.0 -19.0 -7.0 2320.0 4.0 2.0 -15.0 3.0 -15.0 12086.0
17.0 15.0 -19.0 12.0 6.0 14.0 18.0 1.0 4.0 0.0 0.0 -19.0 -4.0 -15.0 4.0 4.0 8.0 -2.0 7.0 -15.0 7.0 4.0 17.0 10.0 20.0 11.0 -6.0 3.0 18.0 17.0 8.0 15.0 11.0 9.0 8.0 -1.0 4.0 5.0 -19.0 -13.0 -13.0 2.0 -12.0 5.0 9.0 12.0 -12.0 -4.0 -8.0 18.0 2.0 -20.0 3.0 -2.0 11.0 2.0 -10.0 -16.0 -16.0 -12.0 -18.0 14.0 -16.0 15.0 2.0 12.0 -5.0 -15.0 -2.0 -3.0 -5.0 5.0 -20.0 3.0 -10.0 9.0 -3.0 0.0 -16.0 11.0 -1.0 6.0 11.0 -18.0 -15.0 1.0 6.0 -2.0 5.0 11.0 8.0 9.0 4.0 12.0 4.0 2420.0 5.0 -20.0 -7.0 -18.0 14504.0
-3.0 10.0 10.0 -3.0 -5.0 20.0 -13.0 12.0 1.0 -8.0 2.0 -20.0 20.0 -6.0 -16.0 -13.0 16.0 10.0 5.0 2.0 0.0 -8.0 -9.0 -14.0 -15.0 17.0 -4.0 10.0 17.0 11.0 14.0 -6.0 1.0 3.0 13.0 16.0 4.0 -18.0 9.0 -15.0 -6.0 -8.0 -13.0 -5.0 6.0 -9.0 2.0 1.0 -20.0 -14.0 -17.0 3.0 0.0 -4.0 11.0 7.0 -8.0 -14.0 -2.0 -12.0 17.0 -8.0 4.0 -3.0 17.0 -1.0 -6.0 1.0 1.0 -18.0 8.0 17.0 -6.0 15.0 -9.0 -18.0 -13.0 16.0 3.0 -13.0 -17.0 8.0 12.0 4.0 -17.0 2.0 -8.0 -5.0 10.0 11.0 6.0 7.0 -18.0 -9.0 -15.0 -20.0 2455.0 2.0 1.0 -8.0 16445.0
4.0 -10.0 -12.0 -20.0 -14.0 2.0 -18.0 -7.0 -3.0 5.0 3.0 0.0 -5.0 -6.0 -15.0 -2.0 19.0 -2.0 16.0 10.0 -12.0 3.0 -4.0 -8.0 14.0 4.0 -8.0 6.0 -15.0 16.0 20.0 11.0 -15.0 -12.0 11.0 -8.0 12.0 15.0 5.0 -12.0 2.0 -11.0 8.0 17.0 6.0 14.0 -6.0 6.0 -9.0 -9.0 -5.0 1.0 14.0 14.0 13.0 10.0 -3.0 -14.0 -5.0 4.0 -19.0 -4.0 -6.0 -13.0 6.0 -13.0 -1.0 -3.0 -19.0 -15.0 5.0 3.0 -5.0 -7.0 -1.0 -18.0 -12.0 16.0 8.0 1.0 -14.0 -18.0 -19.0 -20.0 16.0 14.0 10.0 -6.0 -19.0 -14.0 18.0 -17.0 2.0 -8.0 -10.0 -12.0 1.0 2105.0 5.0 2.0 16058.0
18.0 -8.0 -15.0 -6.0 7.0 6.0 -4.0 15.0 1.0 -17.0 -5.0 8.0 -14.0 -4.0 8.0 -17.0 -9.0 -1.0 -2.0 -8.0 7.0 -5.0 -3.0 -10.0 9.0 7.0 0.0 -11.0 -1.0 -13.0 12.0 -3.0 -1.0 19.0 11.0 -15.0 4.0 -11.0 20.0 -15.0 -8.0 -4.0 13.0 0.0 14.0 2.0 4.0 -14.0 -18.0 -19.0 -2.0 9.0 -2.0 18.0 19.0 -13.0 6.0 -1.0 -4.0 -15.0 6.0 -11.0 4.0 -14.0 -13.0 -4.0 -9.0 14.0 5.0 -8.0 19.0 20.0 8.0 13.0 -1.0 1.0 -4.0 -16.0 7.0 -2.0 -15.0 -14.0 -12.0 6.0 -17.0 -12.0 13.0 12.0 7.0 -10.0 17.0 -6.0 2.0 0.0 0.0 11.0 18.0 13.0 2037.0 3.0 17591.0
-16.0 4.0 2.0 12.0 -2.0 -18.0 -6.0 14.0 -13.0 -18.0 -7.0 -6.0 -9.0 3.0 20.0 -4.0 12.0 14.0 -13.0 0.0 -16.0 -17.0 15.0 8.0 5.0 -4.0 -2.0 3.0 -11.0 -16.0 -13.0 -7.0 8.0 11.0 -13.0 -12.0 13.0 3.0 -17.0 -19.0 6.0 -3.0 -4.0 19.0 -19.0 -3.0 -6.0 13.0 -9.0 2.0 -7.0 -3.0 5.0 -11.0 -16.0 -8.0 5.0 2.0 17.0 16.0 6.0 -15.0 -11.0 -4.0 16.0 -2.0 4.0 10.0 -18.0 7.0 12.0 10.0 -15.0 -11.0 8.0 -13.0 6.0 -18.0 -19.0 17.0 4.0 -6.0 -7.0 -10.0 3.0 -1.0 4.0 -10.0 -19.0 0.0 -15.0 9.0 7.0 -4.0 -14.0 2.0 14.0 10.0 -6.0 2178.0 20807.0
